62
BP1_1_ABR	0.000000	0.593750	0.990000	0.947500	0.038750	0.931250	0.206250	0.208750	0.883750	0.142500	0.111250	0.056250	0.961250	0.162500	0.968750	0.367500	0.922500	0.147500	0.991250	0.122500	0.605000	0.987500	0.005000	0.062500	0.268750	0.010000	0.003750	0.253750	0.425000	0.492500	0.916250	0.008750	0.988750	0.461250	0.988750	0.985000	0.628750	0.991250	0.991250	0.992500	0.936250	0.932500	0.945000	0.988750	0.986250	0.990000	0.977500	0.992500	0.986250	0.016250	0.980000	0.988750	0.907500	0.960000	0.988750	0.988750	0.981250	0.882500	0.987500	0.297500	0.825000	0.991250
BP1_1_FEV	0.593750	0.000000	0.508750	0.807500	0.555000	0.457500	0.403750	0.390000	0.290000	0.452500	0.482500	0.540000	0.401250	0.591250	0.375000	0.575000	0.866250	0.457500	0.528750	0.577500	0.480000	0.416250	0.592500	0.560000	0.406250	0.590000	0.597500	0.417500	0.481250	0.370000	0.463750	0.590000	0.892500	0.547500	0.906250	0.911250	0.147500	0.957500	0.927500	0.540000	0.468750	0.902500	0.480000	0.930000	0.525000	0.503750	0.602500	0.540000	0.773750	0.585000	0.908750	0.937500	0.446250	0.446250	0.927500	0.520000	0.528750	0.486250	0.923750	0.533750	0.360000	0.982500
BP1_1_JAN	0.990000	0.508750	0.000000	0.893750	0.951250	0.061250	0.807500	0.883750	0.427500	0.851250	0.950000	0.938750	0.108750	0.986250	0.382500	0.970000	0.952500	0.903750	0.085000	0.972500	0.937500	0.153750	0.988750	0.962500	0.913750	0.986250	0.993750	0.926250	0.878750	0.868750	0.085000	0.986250	0.871250	0.965000	0.867500	0.876250	0.377500	0.917500	0.887500	0.072500	0.053750	0.973750	0.045000	0.910000	0.060000	0.102500	0.602500	0.072500	0.753750	0.983750	0.916250	0.901250	0.082500	0.305000	0.890000	0.053750	0.072500	0.586250	0.895000	0.945000	0.165000	0.942500
BP1_1_MAR	0.947500	0.807500	0.893750	0.000000	0.912500	0.858750	0.847500	0.810000	0.807500	0.863750	0.868750	0.901250	0.818750	0.941250	0.823750	0.931250	0.916250	0.836250	0.908750	0.927500	0.860000	0.845000	0.946250	0.923750	0.831250	0.942500	0.951250	0.845000	0.551250	0.805000	0.872500	0.943750	0.916250	0.920000	0.908750	0.911250	0.841250	0.957500	0.928750	0.920000	0.858750	0.932500	0.862500	0.955000	0.903750	0.896250	0.865000	0.920000	0.883750	0.938750	0.930000	0.937500	0.866250	0.847500	0.935000	0.903750	0.908750	0.835000	0.938750	0.908750	0.862500	0.982500
BP1_2_ABR	0.038750	0.555000	0.951250	0.912500	0.000000	0.893750	0.167500	0.170000	0.845000	0.107500	0.077500	0.021250	0.922500	0.158750	0.930000	0.355000	0.893750	0.108750	0.966250	0.107500	0.568750	0.950000	0.037500	0.038750	0.230000	0.038750	0.042500	0.215000	0.387500	0.453750	0.893750	0.035000	0.953750	0.442500	0.955000	0.956250	0.593750	0.965000	0.957500	0.970000	0.906250	0.917500	0.917500	0.960000	0.958750	0.951250	0.938750	0.970000	0.947500	0.035000	0.958750	0.958750	0.876250	0.921250	0.950000	0.952500	0.958750	0.843750	0.948750	0.262500	0.793750	0.990000
BP1_2_FEV	0.931250	0.457500	0.061250	0.858750	0.893750	0.000000	0.758750	0.827500	0.400000	0.797500	0.892500	0.885000	0.118750	0.930000	0.398750	0.921250	0.901250	0.845000	0.112500	0.916250	0.890000	0.198750	0.930000	0.906250	0.856250	0.932500	0.935000	0.867500	0.822500	0.827500	0.027500	0.928750	0.920000	0.907500	0.915000	0.920000	0.327500	0.966250	0.936250	0.082500	0.020000	0.913750	0.031250	0.958750	0.072500	0.152500	0.637500	0.082500	0.798750	0.922500	0.953750	0.946250	0.023750	0.323750	0.938750	0.066250	0.071250	0.576250	0.942500	0.896250	0.111250	0.991250
BP1_3_ABR	0.206250	0.403750	0.807500	0.847500	0.167500	0.758750	0.000000	0.091250	0.693750	0.065000	0.160000	0.150000	0.768750	0.187500	0.775000	0.330000	0.877500	0.111250	0.828750	0.173750	0.547500	0.806250	0.205000	0.156250	0.182500	0.202500	0.210000	0.181250	0.311250	0.370000	0.752500	0.202500	0.902500	0.427500	0.906250	0.911250	0.442500	0.957500	0.927500	0.840000	0.767500	0.906250	0.780000	0.941250	0.823750	0.803750	0.787500	0.840000	0.793750	0.198750	0.937500	0.938750	0.746250	0.763750	0.927500	0.820000	0.828750	0.690000	0.925000	0.245000	0.660000	0.982500
BP1_3_FEV	0.208750	0.390000	0.883750	0.810000	0.170000	0.827500	0.091250	0.000000	0.680000	0.106250	0.097500	0.152500	0.775000	0.202500	0.761250	0.347500	0.870000	0.073750	0.905000	0.188750	0.487500	0.802500	0.206250	0.171250	0.092500	0.207500	0.212500	0.091250	0.321250	0.285000	0.830000	0.205000	0.898750	0.413750	0.912500	0.917500	0.520000	0.963750	0.933750	0.910000	0.843750	0.902500	0.856250	0.937500	0.896250	0.880000	0.845000	0.910000	0.861250	0.200000	0.913750	0.943750	0.816250	0.820000	0.933750	0.891250	0.898750	0.742500	0.930000	0.241250	0.732500	0.988750
BP1_3_JAN	0.883750	0.290000	0.427500	0.807500	0.845000	0.400000	0.693750	0.680000	0.000000	0.742500	0.772500	0.830000	0.320000	0.881250	0.158750	0.865000	0.793750	0.736250	0.452500	0.867500	0.672500	0.295000	0.882500	0.850000	0.617500	0.880000	0.887500	0.631250	0.771250	0.456250	0.406250	0.880000	0.868750	0.837500	0.882500	0.887500	0.343750	0.933750	0.903750	0.482500	0.402500	0.902500	0.405000	0.906250	0.467500	0.422500	0.578750	0.482500	0.750000	0.875000	0.885000	0.913750	0.388750	0.343750	0.903750	0.462500	0.471250	0.400000	0.900000	0.823750	0.361250	0.958750
BP1_4_ABR	0.142500	0.452500	0.851250	0.863750	0.107500	0.797500	0.065000	0.106250	0.742500	0.000000	0.106250	0.090000	0.820000	0.160000	0.827500	0.350000	0.888750	0.065000	0.865000	0.131250	0.565000	0.852500	0.142500	0.115000	0.197500	0.143750	0.146250	0.193750	0.316250	0.388750	0.795000	0.140000	0.912500	0.441250	0.911250	0.917500	0.496250	0.962500	0.933750	0.871250	0.807500	0.916250	0.816250	0.956250	0.860000	0.848750	0.836250	0.871250	0.845000	0.142500	0.953750	0.951250	0.778750	0.818750	0.937500	0.852500	0.860000	0.741250	0.940000	0.256250	0.693750	0.987500
BP1_4_JAN	0.111250	0.482500	0.950000	0.868750	0.077500	0.892500	0.160000	0.097500	0.772500	0.106250	0.000000	0.073750	0.850000	0.158750	0.857500	0.351250	0.883750	0.072500	0.970000	0.106250	0.502500	0.885000	0.110000	0.080000	0.158750	0.110000	0.115000	0.143750	0.387500	0.381250	0.898750	0.107500	0.950000	0.423750	0.958750	0.960000	0.588750	0.965000	0.961250	0.975000	0.910000	0.902500	0.921250	0.950000	0.962500	0.946250	0.915000	0.975000	0.936250	0.102500	0.925000	0.957500	0.881250	0.901250	0.948750	0.956250	0.963750	0.822500	0.943750	0.257500	0.797500	0.988750
BP1_5_ABR	0.056250	0.540000	0.938750	0.901250	0.021250	0.885000	0.150000	0.152500	0.830000	0.090000	0.073750	0.000000	0.905000	0.157500	0.912500	0.348750	0.890000	0.095000	0.953750	0.108750	0.565000	0.938750	0.057500	0.031250	0.213750	0.058750	0.060000	0.201250	0.373750	0.436250	0.880000	0.053750	0.935000	0.438750	0.942500	0.945000	0.582500	0.963750	0.946250	0.958750	0.895000	0.915000	0.905000	0.956250	0.947500	0.936250	0.923750	0.958750	0.930000	0.056250	0.955000	0.952500	0.866250	0.903750	0.938750	0.941250	0.947500	0.826250	0.940000	0.255000	0.782500	0.988750
BP1_5_JAN	0.961250	0.401250	0.108750	0.818750	0.922500	0.118750	0.768750	0.775000	0.320000	0.820000	0.850000	0.905000	0.000000	0.956250	0.281250	0.940000	0.915000	0.835000	0.141250	0.942500	0.842500	0.090000	0.960000	0.925000	0.805000	0.957500	0.965000	0.818750	0.847500	0.760000	0.138750	0.957500	0.871250	0.918750	0.876250	0.881250	0.341250	0.927500	0.897500	0.171250	0.115000	0.935000	0.110000	0.910000	0.155000	0.106250	0.573750	0.171250	0.745000	0.952500	0.885000	0.907500	0.131250	0.262500	0.897500	0.151250	0.160000	0.542500	0.893750	0.907500	0.136250	0.952500
BP4_2_ABR	0.162500	0.591250	0.986250	0.941250	0.158750	0.930000	0.187500	0.202500	0.881250	0.160000	0.158750	0.157500	0.956250	0.000000	0.962500	0.206250	0.920000	0.158750	0.990000	0.053750	0.602500	0.982500	0.161250	0.131250	0.263750	0.163750	0.165000	0.251250	0.422500	0.487500	0.906250	0.162500	0.987500	0.457500	0.987500	0.982500	0.616250	0.990000	0.988750	0.993750	0.932500	0.930000	0.943750	0.986250	0.982500	0.987500	0.975000	0.993750	0.981250	0.163750	0.977500	0.986250	0.906250	0.951250	0.986250	0.986250	0.982500	0.877500	0.985000	0.293750	0.822500	0.990000
BP4_2_JAN	0.968750	0.375000	0.382500	0.823750	0.930000	0.398750	0.775000	0.761250	0.158750	0.827500	0.857500	0.912500	0.281250	0.962500	0.000000	0.946250	0.903750	0.823750	0.413750	0.948750	0.831250	0.248750	0.967500	0.931250	0.762500	0.963750	0.972500	0.777500	0.853750	0.612500	0.417500	0.965000	0.863750	0.921250	0.877500	0.882500	0.385000	0.928750	0.898750	0.443750	0.395000	0.942500	0.390000	0.901250	0.427500	0.378750	0.573750	0.443750	0.742500	0.960000	0.880000	0.908750	0.411250	0.317500	0.898750	0.423750	0.432500	0.532500	0.895000	0.907500	0.407500	0.953750
BP4_3_ABR	0.367500	0.575000	0.970000	0.931250	0.355000	0.921250	0.330000	0.347500	0.865000	0.350000	0.351250	0.348750	0.940000	0.206250	0.946250	0.000000	0.905000	0.352500	0.985000	0.257500	0.585000	0.970000	0.366250	0.325000	0.350000	0.365000	0.367500	0.352500	0.412500	0.470000	0.907500	0.362500	0.970000	0.446250	0.973750	0.976250	0.606250	0.980000	0.977500	0.995000	0.926250	0.917500	0.936250	0.970000	0.981250	0.971250	0.958750	0.995000	0.965000	0.363750	0.961250	0.981250	0.902500	0.935000	0.970000	0.976250	0.983750	0.861250	0.968750	0.343750	0.816250	0.985000
BP4_3_FEV	0.922500	0.866250	0.952500	0.916250	0.893750	0.901250	0.877500	0.870000	0.793750	0.888750	0.883750	0.890000	0.915000	0.920000	0.903750	0.905000	0.000000	0.860000	0.971250	0.906250	0.793750	0.953750	0.920000	0.888750	0.800000	0.918750	0.926250	0.801250	0.890000	0.791250	0.911250	0.918750	0.938750	0.886250	0.960000	0.961250	0.891250	0.966250	0.962500	0.980000	0.911250	0.908750	0.922500	0.932500	0.965000	0.946250	0.930000	0.980000	0.936250	0.917500	0.932500	0.962500	0.901250	0.882500	0.950000	0.960000	0.968750	0.802500	0.941250	0.872500	0.897500	0.985000
BP4_4_FEV	0.147500	0.457500	0.903750	0.836250	0.108750	0.845000	0.111250	0.073750	0.736250	0.065000	0.072500	0.095000	0.835000	0.158750	0.823750	0.352500	0.860000	0.000000	0.923750	0.131250	0.502500	0.873750	0.146250	0.113750	0.132500	0.147500	0.151250	0.128750	0.340000	0.345000	0.851250	0.143750	0.900000	0.415000	0.913750	0.918750	0.542500	0.965000	0.935000	0.927500	0.863750	0.902500	0.875000	0.937500	0.916250	0.898750	0.863750	0.927500	0.882500	0.138750	0.916250	0.945000	0.833750	0.830000	0.935000	0.910000	0.916250	0.751250	0.931250	0.243750	0.751250	0.990000
BP4_4_JAN	0.991250	0.528750	0.085000	0.908750	0.966250	0.112500	0.828750	0.905000	0.452500	0.865000	0.970000	0.953750	0.141250	0.990000	0.413750	0.985000	0.971250	0.923750	0.000000	0.981250	0.957500	0.191250	0.992500	0.978750	0.935000	0.991250	0.995000	0.945000	0.897500	0.890000	0.115000	0.993750	0.866250	0.983750	0.838750	0.893750	0.392500	0.937500	0.916250	0.115000	0.095000	0.993750	0.086250	0.950000	0.107500	0.142500	0.640000	0.115000	0.792500	0.993750	0.946250	0.931250	0.112500	0.347500	0.930000	0.097500	0.116250	0.628750	0.933750	0.961250	0.172500	0.965000
BP4_5_ABR	0.122500	0.577500	0.972500	0.927500	0.107500	0.916250	0.173750	0.188750	0.867500	0.131250	0.106250	0.108750	0.942500	0.053750	0.948750	0.257500	0.906250	0.131250	0.981250	0.000000	0.587500	0.968750	0.121250	0.082500	0.250000	0.122500	0.125000	0.237500	0.410000	0.472500	0.897500	0.122500	0.977500	0.447500	0.977500	0.972500	0.602500	0.980000	0.978750	0.985000	0.921250	0.923750	0.933750	0.972500	0.972500	0.973750	0.961250	0.985000	0.967500	0.118750	0.966250	0.972500	0.896250	0.937500	0.972500	0.976250	0.973750	0.863750	0.971250	0.282500	0.812500	0.990000
BP4_5_FEV	0.605000	0.480000	0.937500	0.860000	0.568750	0.890000	0.547500	0.487500	0.672500	0.565000	0.502500	0.565000	0.842500	0.602500	0.831250	0.585000	0.793750	0.502500	0.957500	0.587500	0.000000	0.881250	0.603750	0.571250	0.416250	0.601250	0.607500	0.417500	0.565000	0.333750	0.896250	0.601250	0.925000	0.553750	0.946250	0.947500	0.578750	0.953750	0.948750	0.972500	0.897500	0.897500	0.908750	0.926250	0.957500	0.932500	0.897500	0.972500	0.916250	0.595000	0.905000	0.945000	0.878750	0.853750	0.936250	0.952500	0.961250	0.732500	0.927500	0.541250	0.792500	0.978750
BP4_5_JAN	0.987500	0.416250	0.153750	0.845000	0.950000	0.198750	0.806250	0.802500	0.295000	0.852500	0.885000	0.938750	0.090000	0.982500	0.248750	0.970000	0.953750	0.873750	0.191250	0.968750	0.881250	0.000000	0.986250	0.962500	0.812500	0.983750	0.991250	0.826250	0.880000	0.735000	0.216250	0.983750	0.857500	0.956250	0.850000	0.857500	0.367500	0.901250	0.871250	0.222500	0.192500	0.970000	0.187500	0.897500	0.207500	0.141250	0.570000	0.222500	0.732500	0.977500	0.878750	0.882500	0.208750	0.276250	0.877500	0.202500	0.220000	0.556250	0.880000	0.946250	0.205000	0.927500
BP5_1_FEV	0.005000	0.592500	0.988750	0.946250	0.037500	0.930000	0.205000	0.206250	0.882500	0.142500	0.110000	0.057500	0.960000	0.161250	0.967500	0.366250	0.920000	0.146250	0.992500	0.121250	0.603750	0.986250	0.000000	0.062500	0.267500	0.007500	0.006250	0.252500	0.423750	0.490000	0.918750	0.006250	0.990000	0.460000	0.990000	0.985000	0.627500	0.992500	0.991250	0.995000	0.935000	0.928750	0.946250	0.987500	0.985000	0.988750	0.976250	0.995000	0.985000	0.012500	0.977500	0.987500	0.907500	0.958750	0.987500	0.988750	0.983750	0.881250	0.986250	0.297500	0.825000	0.992500
BP5_2_ABR	0.062500	0.560000	0.962500	0.923750	0.038750	0.906250	0.156250	0.171250	0.850000	0.115000	0.080000	0.031250	0.925000	0.131250	0.931250	0.325000	0.888750	0.113750	0.978750	0.082500	0.571250	0.962500	0.062500	0.000000	0.232500	0.066250	0.066250	0.220000	0.395000	0.456250	0.893750	0.060000	0.956250	0.435000	0.967500	0.968750	0.598750	0.973750	0.970000	0.981250	0.918750	0.912500	0.930000	0.955000	0.971250	0.957500	0.943750	0.981250	0.950000	0.061250	0.952500	0.973750	0.887500	0.920000	0.961250	0.965000	0.970000	0.846250	0.953750	0.262500	0.806250	0.991250
BP5_2_FEV	0.268750	0.406250	0.913750	0.831250	0.230000	0.856250	0.182500	0.092500	0.617500	0.197500	0.158750	0.213750	0.805000	0.263750	0.762500	0.350000	0.800000	0.132500	0.935000	0.250000	0.416250	0.812500	0.267500	0.232500	0.000000	0.268750	0.272500	0.016250	0.350000	0.223750	0.860000	0.265000	0.902500	0.413750	0.923750	0.925000	0.551250	0.965000	0.935000	0.938750	0.873750	0.902500	0.886250	0.937500	0.926250	0.910000	0.875000	0.938750	0.891250	0.260000	0.916250	0.945000	0.845000	0.828750	0.935000	0.921250	0.927500	0.707500	0.931250	0.242500	0.762500	0.990000
BP5_2_MAR	0.010000	0.590000	0.986250	0.942500	0.038750	0.932500	0.202500	0.207500	0.880000	0.143750	0.110000	0.058750	0.957500	0.163750	0.963750	0.365000	0.918750	0.147500	0.991250	0.122500	0.601250	0.983750	0.007500	0.066250	0.268750	0.000000	0.010000	0.253750	0.425000	0.488750	0.921250	0.007500	0.988750	0.461250	0.988750	0.983750	0.623750	0.991250	0.990000	0.997500	0.933750	0.930000	0.945000	0.985000	0.983750	0.986250	0.973750	0.997500	0.982500	0.012500	0.976250	0.985000	0.911250	0.956250	0.985000	0.988750	0.986250	0.878750	0.983750	0.296250	0.823750	0.990000
BP5_3_ABR	0.003750	0.597500	0.993750	0.951250	0.042500	0.935000	0.210000	0.212500	0.887500	0.146250	0.115000	0.060000	0.965000	0.165000	0.972500	0.367500	0.926250	0.151250	0.995000	0.125000	0.607500	0.991250	0.006250	0.066250	0.272500	0.010000	0.000000	0.257500	0.428750	0.495000	0.920000	0.008750	0.992500	0.463750	0.992500	0.988750	0.632500	0.995000	0.995000	0.996250	0.940000	0.931250	0.948750	0.992500	0.990000	0.993750	0.981250	0.996250	0.990000	0.015000	0.983750	0.992500	0.911250	0.963750	0.992500	0.992500	0.985000	0.886250	0.991250	0.300000	0.828750	0.993750
BP5_3_FEV	0.253750	0.417500	0.926250	0.845000	0.215000	0.867500	0.181250	0.091250	0.631250	0.193750	0.143750	0.201250	0.818750	0.251250	0.777500	0.352500	0.801250	0.128750	0.945000	0.237500	0.417500	0.826250	0.252500	0.220000	0.016250	0.253750	0.257500	0.000000	0.362500	0.240000	0.873750	0.250000	0.912500	0.413750	0.933750	0.935000	0.565000	0.963750	0.936250	0.950000	0.886250	0.902500	0.897500	0.937500	0.938750	0.921250	0.885000	0.950000	0.903750	0.243750	0.915000	0.945000	0.856250	0.842500	0.935000	0.931250	0.938750	0.721250	0.930000	0.243750	0.773750	0.990000
BP5_3_MAR	0.425000	0.481250	0.878750	0.551250	0.387500	0.822500	0.311250	0.321250	0.771250	0.316250	0.387500	0.373750	0.847500	0.422500	0.853750	0.412500	0.890000	0.340000	0.897500	0.410000	0.565000	0.880000	0.423750	0.395000	0.350000	0.425000	0.428750	0.362500	0.000000	0.388750	0.822500	0.422500	0.916250	0.437500	0.915000	0.920000	0.522500	0.966250	0.936250	0.900000	0.836250	0.912500	0.848750	0.956250	0.888750	0.877500	0.865000	0.900000	0.872500	0.421250	0.955000	0.951250	0.806250	0.846250	0.937500	0.883750	0.888750	0.768750	0.940000	0.385000	0.725000	0.991250
BP5_4_FEV	0.492500	0.370000	0.868750	0.805000	0.453750	0.827500	0.370000	0.285000	0.456250	0.388750	0.381250	0.436250	0.760000	0.487500	0.612500	0.470000	0.791250	0.345000	0.890000	0.472500	0.333750	0.735000	0.490000	0.456250	0.223750	0.488750	0.495000	0.240000	0.388750	0.000000	0.831250	0.488750	0.883750	0.443750	0.897500	0.902500	0.513750	0.948750	0.918750	0.910000	0.828750	0.901250	0.841250	0.921250	0.893750	0.865000	0.830000	0.910000	0.846250	0.482500	0.897500	0.928750	0.816250	0.783750	0.918750	0.890000	0.898750	0.662500	0.915000	0.430000	0.730000	0.973750
BP5_5_ABR	0.916250	0.463750	0.085000	0.872500	0.893750	0.027500	0.752500	0.830000	0.406250	0.795000	0.898750	0.880000	0.138750	0.906250	0.417500	0.907500	0.911250	0.851250	0.115000	0.897500	0.896250	0.216250	0.918750	0.893750	0.860000	0.921250	0.920000	0.873750	0.822500	0.831250	0.000000	0.921250	0.933750	0.912500	0.926250	0.926250	0.318750	0.973750	0.947500	0.087500	0.031250	0.933750	0.041250	0.977500	0.081250	0.171250	0.660000	0.087500	0.818750	0.921250	0.976250	0.958750	0.017500	0.340000	0.957500	0.085000	0.076250	0.580000	0.961250	0.893750	0.103750	0.992500
BP5_5_FEV	0.008750	0.590000	0.986250	0.943750	0.035000	0.928750	0.202500	0.205000	0.880000	0.140000	0.107500	0.053750	0.957500	0.162500	0.965000	0.362500	0.918750	0.143750	0.993750	0.122500	0.601250	0.983750	0.006250	0.060000	0.265000	0.007500	0.008750	0.250000	0.422500	0.488750	0.921250	0.000000	0.986250	0.457500	0.986250	0.983750	0.625000	0.988750	0.987500	0.997500	0.935000	0.926250	0.945000	0.985000	0.987500	0.986250	0.973750	0.997500	0.982500	0.010000	0.976250	0.988750	0.905000	0.956250	0.985000	0.985000	0.986250	0.878750	0.983750	0.293750	0.821250	0.993750
PA1_1_JAN	0.988750	0.892500	0.871250	0.916250	0.953750	0.920000	0.902500	0.898750	0.868750	0.912500	0.950000	0.935000	0.871250	0.987500	0.863750	0.970000	0.938750	0.900000	0.866250	0.977500	0.925000	0.857500	0.990000	0.956250	0.902500	0.988750	0.992500	0.912500	0.916250	0.883750	0.933750	0.986250	0.000000	0.955000	0.027500	0.058750	0.915000	0.098750	0.075000	0.936250	0.911250	0.973750	0.902500	0.083750	0.926250	0.768750	0.297500	0.936250	0.126250	0.987500	0.082500	0.093750	0.925000	0.636250	0.080000	0.906250	0.935000	0.472500	0.076250	0.930000	0.921250	0.130000
PA1_1_MAR	0.461250	0.547500	0.965000	0.920000	0.442500	0.907500	0.427500	0.413750	0.837500	0.441250	0.423750	0.438750	0.918750	0.457500	0.921250	0.446250	0.886250	0.415000	0.983750	0.447500	0.553750	0.956250	0.460000	0.435000	0.413750	0.461250	0.463750	0.413750	0.437500	0.443750	0.912500	0.457500	0.955000	0.000000	0.972500	0.973750	0.603750	0.978750	0.976250	0.990000	0.925000	0.491250	0.937500	0.952500	0.977500	0.961250	0.932500	0.990000	0.941250	0.450000	0.931250	0.973750	0.896250	0.912500	0.965000	0.970000	0.978750	0.835000	0.955000	0.191250	0.813750	0.990000
PA1_2_JAN	0.988750	0.906250	0.867500	0.908750	0.955000	0.915000	0.906250	0.912500	0.882500	0.911250	0.958750	0.942500	0.876250	0.987500	0.877500	0.973750	0.960000	0.913750	0.838750	0.977500	0.946250	0.850000	0.990000	0.967500	0.923750	0.988750	0.992500	0.933750	0.915000	0.897500	0.926250	0.986250	0.027500	0.972500	0.000000	0.061250	0.907500	0.105000	0.081250	0.928750	0.903750	0.982500	0.895000	0.111250	0.918750	0.771250	0.303750	0.928750	0.135000	0.987500	0.107500	0.100000	0.917500	0.650000	0.091250	0.900000	0.927500	0.486250	0.095000	0.950000	0.913750	0.136250
PA1_3_JAN	0.985000	0.911250	0.876250	0.911250	0.956250	0.920000	0.911250	0.917500	0.887500	0.917500	0.960000	0.945000	0.881250	0.982500	0.882500	0.976250	0.961250	0.918750	0.893750	0.972500	0.947500	0.857500	0.985000	0.968750	0.925000	0.983750	0.988750	0.935000	0.920000	0.902500	0.926250	0.983750	0.058750	0.973750	0.061250	0.000000	0.910000	0.051250	0.028750	0.932500	0.902500	0.983750	0.895000	0.060000	0.918750	0.780000	0.308750	0.932500	0.141250	0.983750	0.062500	0.042500	0.920000	0.655000	0.040000	0.911250	0.927500	0.491250	0.042500	0.951250	0.915000	0.080000
PA1_4_ABR	0.628750	0.147500	0.377500	0.841250	0.593750	0.327500	0.442500	0.520000	0.343750	0.496250	0.588750	0.582500	0.341250	0.616250	0.385000	0.606250	0.891250	0.542500	0.392500	0.602500	0.578750	0.367500	0.627500	0.598750	0.551250	0.623750	0.632500	0.565000	0.522500	0.513750	0.318750	0.625000	0.915000	0.603750	0.907500	0.910000	0.000000	0.956250	0.927500	0.405000	0.331250	0.913750	0.343750	0.953750	0.388750	0.380000	0.628750	0.405000	0.788750	0.620000	0.945000	0.936250	0.311250	0.336250	0.933750	0.388750	0.393750	0.516250	0.937500	0.590000	0.225000	0.981250
PA1_4_JAN	0.991250	0.957500	0.917500	0.957500	0.965000	0.966250	0.957500	0.963750	0.933750	0.962500	0.965000	0.963750	0.927500	0.990000	0.928750	0.980000	0.966250	0.965000	0.937500	0.980000	0.953750	0.901250	0.992500	0.973750	0.965000	0.991250	0.995000	0.963750	0.966250	0.948750	0.973750	0.988750	0.098750	0.978750	0.105000	0.051250	0.956250	0.000000	0.030000	0.973750	0.951250	0.988750	0.942500	0.033750	0.966250	0.821250	0.355000	0.973750	0.186250	0.990000	0.070000	0.023750	0.966250	0.701250	0.030000	0.956250	0.975000	0.537500	0.033750	0.958750	0.961250	0.032500
PA1_5_JAN	0.991250	0.927500	0.887500	0.928750	0.957500	0.936250	0.927500	0.933750	0.903750	0.933750	0.961250	0.946250	0.897500	0.988750	0.898750	0.977500	0.962500	0.935000	0.916250	0.978750	0.948750	0.871250	0.991250	0.970000	0.935000	0.990000	0.995000	0.936250	0.936250	0.918750	0.947500	0.987500	0.075000	0.976250	0.081250	0.028750	0.927500	0.030000	0.000000	0.947500	0.923750	0.985000	0.916250	0.033750	0.938750	0.791250	0.327500	0.947500	0.158750	0.988750	0.071250	0.021250	0.937500	0.671250	0.013750	0.931250	0.948750	0.507500	0.021250	0.952500	0.933750	0.057500
PA4_1_ABR	0.992500	0.540000	0.072500	0.920000	0.970000	0.082500	0.840000	0.910000	0.482500	0.871250	0.975000	0.958750	0.171250	0.993750	0.443750	0.995000	0.980000	0.927500	0.115000	0.985000	0.972500	0.222500	0.995000	0.981250	0.938750	0.997500	0.996250	0.950000	0.900000	0.910000	0.087500	0.997500	0.936250	0.990000	0.928750	0.932500	0.405000	0.973750	0.947500	0.000000	0.081250	0.996250	0.077500	0.980000	0.016250	0.172500	0.673750	0.000000	0.826250	0.997500	0.987500	0.961250	0.093750	0.377500	0.960000	0.031250	0.012500	0.658750	0.965000	0.971250	0.180000	0.993750
PA4_2_ABR	0.936250	0.468750	0.053750	0.858750	0.906250	0.020000	0.767500	0.843750	0.402500	0.807500	0.910000	0.895000	0.115000	0.932500	0.395000	0.926250	0.911250	0.863750	0.095000	0.921250	0.897500	0.192500	0.935000	0.918750	0.873750	0.933750	0.940000	0.886250	0.836250	0.828750	0.031250	0.935000	0.911250	0.925000	0.903750	0.902500	0.331250	0.951250	0.923750	0.081250	0.000000	0.933750	0.012500	0.952500	0.065000	0.146250	0.635000	0.081250	0.795000	0.935000	0.951250	0.935000	0.032500	0.320000	0.932500	0.068750	0.070000	0.577500	0.936250	0.901250	0.113750	0.973750
PA4_2_MAR	0.932500	0.902500	0.973750	0.932500	0.917500	0.913750	0.906250	0.902500	0.902500	0.916250	0.902500	0.915000	0.935000	0.930000	0.942500	0.917500	0.908750	0.902500	0.993750	0.923750	0.897500	0.970000	0.928750	0.912500	0.902500	0.930000	0.931250	0.902500	0.912500	0.901250	0.933750	0.926250	0.973750	0.491250	0.982500	0.983750	0.913750	0.988750	0.985000	0.996250	0.933750	0.000000	0.945000	0.968750	0.986250	0.970000	0.951250	0.996250	0.960000	0.918750	0.953750	0.981250	0.923750	0.933750	0.972500	0.980000	0.985000	0.902500	0.967500	0.676250	0.925000	0.993750
PA4_3_ABR	0.945000	0.480000	0.045000	0.862500	0.917500	0.031250	0.780000	0.856250	0.405000	0.816250	0.921250	0.905000	0.110000	0.943750	0.390000	0.936250	0.922500	0.875000	0.086250	0.933750	0.908750	0.187500	0.946250	0.930000	0.886250	0.945000	0.948750	0.897500	0.848750	0.841250	0.041250	0.945000	0.902500	0.937500	0.895000	0.895000	0.343750	0.942500	0.916250	0.077500	0.012500	0.945000	0.000000	0.946250	0.065000	0.140000	0.628750	0.077500	0.790000	0.946250	0.945000	0.928750	0.042500	0.315000	0.926250	0.066250	0.066250	0.581250	0.930000	0.912500	0.123750	0.965000
PA4_3_FEV	0.988750	0.930000	0.910000	0.955000	0.960000	0.958750	0.941250	0.937500	0.906250	0.956250	0.950000	0.956250	0.910000	0.986250	0.901250	0.970000	0.932500	0.937500	0.950000	0.972500	0.926250	0.897500	0.987500	0.955000	0.937500	0.985000	0.992500	0.937500	0.956250	0.921250	0.977500	0.985000	0.083750	0.952500	0.111250	0.060000	0.953750	0.033750	0.033750	0.980000	0.952500	0.968750	0.946250	0.000000	0.967500	0.807500	0.340000	0.980000	0.168750	0.983750	0.046250	0.030000	0.967500	0.673750	0.020000	0.960000	0.978750	0.510000	0.017500	0.937500	0.963750	0.052500
PA4_4_ABR	0.986250	0.525000	0.060000	0.903750	0.958750	0.072500	0.823750	0.896250	0.467500	0.860000	0.962500	0.947500	0.155000	0.982500	0.427500	0.981250	0.965000	0.916250	0.107500	0.972500	0.957500	0.207500	0.985000	0.971250	0.926250	0.983750	0.990000	0.938750	0.888750	0.893750	0.081250	0.987500	0.926250	0.977500	0.918750	0.918750	0.388750	0.966250	0.938750	0.016250	0.065000	0.986250	0.065000	0.967500	0.000000	0.161250	0.658750	0.016250	0.810000	0.987500	0.972500	0.948750	0.085000	0.361250	0.947500	0.021250	0.012500	0.642500	0.951250	0.956250	0.166250	0.986250
PA4_4_FEV	0.990000	0.503750	0.102500	0.896250	0.951250	0.152500	0.803750	0.880000	0.422500	0.848750	0.946250	0.936250	0.106250	0.987500	0.378750	0.971250	0.946250	0.898750	0.142500	0.973750	0.932500	0.141250	0.988750	0.957500	0.910000	0.986250	0.993750	0.921250	0.877500	0.865000	0.171250	0.986250	0.768750	0.961250	0.771250	0.780000	0.380000	0.821250	0.791250	0.172500	0.146250	0.970000	0.140000	0.807500	0.161250	0.000000	0.501250	0.172500	0.653750	0.985000	0.815000	0.806250	0.161250	0.205000	0.792500	0.153750	0.172500	0.486250	0.792500	0.940000	0.165000	0.846250
PA4_4_JAN	0.977500	0.602500	0.602500	0.865000	0.938750	0.637500	0.787500	0.845000	0.578750	0.836250	0.915000	0.923750	0.573750	0.975000	0.573750	0.958750	0.930000	0.863750	0.640000	0.961250	0.897500	0.570000	0.976250	0.943750	0.875000	0.973750	0.981250	0.885000	0.865000	0.830000	0.660000	0.973750	0.297500	0.932500	0.303750	0.308750	0.628750	0.355000	0.327500	0.673750	0.635000	0.951250	0.628750	0.340000	0.658750	0.501250	0.000000	0.673750	0.173750	0.967500	0.316250	0.338750	0.650000	0.350000	0.328750	0.650000	0.662500	0.185000	0.323750	0.923750	0.646250	0.383750
PA4_5_ABR	0.992500	0.540000	0.072500	0.920000	0.970000	0.082500	0.840000	0.910000	0.482500	0.871250	0.975000	0.958750	0.171250	0.993750	0.443750	0.995000	0.980000	0.927500	0.115000	0.985000	0.972500	0.222500	0.995000	0.981250	0.938750	0.997500	0.996250	0.950000	0.900000	0.910000	0.087500	0.997500	0.936250	0.990000	0.928750	0.932500	0.405000	0.973750	0.947500	0.000000	0.081250	0.996250	0.077500	0.980000	0.016250	0.172500	0.673750	0.000000	0.826250	0.997500	0.987500	0.961250	0.093750	0.377500	0.960000	0.031250	0.012500	0.658750	0.965000	0.971250	0.180000	0.993750
PA4_5_JAN	0.986250	0.773750	0.753750	0.883750	0.947500	0.798750	0.793750	0.861250	0.750000	0.845000	0.936250	0.930000	0.745000	0.981250	0.742500	0.965000	0.936250	0.882500	0.792500	0.967500	0.916250	0.732500	0.985000	0.950000	0.891250	0.982500	0.990000	0.903750	0.872500	0.846250	0.818750	0.982500	0.126250	0.941250	0.135000	0.141250	0.788750	0.186250	0.158750	0.826250	0.795000	0.960000	0.790000	0.168750	0.810000	0.653750	0.173750	0.826250	0.000000	0.976250	0.163750	0.170000	0.811250	0.515000	0.160000	0.802500	0.822500	0.351250	0.155000	0.928750	0.807500	0.215000
PA4_5_MAR	0.016250	0.585000	0.983750	0.938750	0.035000	0.922500	0.198750	0.200000	0.875000	0.142500	0.102500	0.056250	0.952500	0.163750	0.960000	0.363750	0.917500	0.138750	0.993750	0.118750	0.595000	0.977500	0.012500	0.061250	0.260000	0.012500	0.015000	0.243750	0.421250	0.482500	0.921250	0.010000	0.987500	0.450000	0.987500	0.983750	0.620000	0.990000	0.988750	0.997500	0.935000	0.918750	0.946250	0.983750	0.987500	0.985000	0.967500	0.997500	0.976250	0.000000	0.970000	0.982500	0.906250	0.951250	0.983750	0.986250	0.986250	0.873750	0.981250	0.295000	0.823750	0.995000
PA5_1_FEV	0.980000	0.908750	0.916250	0.930000	0.958750	0.953750	0.937500	0.913750	0.885000	0.953750	0.925000	0.955000	0.885000	0.977500	0.880000	0.961250	0.932500	0.916250	0.946250	0.966250	0.905000	0.878750	0.977500	0.952500	0.916250	0.976250	0.983750	0.915000	0.955000	0.897500	0.976250	0.976250	0.082500	0.931250	0.107500	0.062500	0.945000	0.070000	0.071250	0.987500	0.951250	0.953750	0.945000	0.046250	0.972500	0.815000	0.316250	0.987500	0.163750	0.970000	0.000000	0.068750	0.966250	0.661250	0.060000	0.956250	0.977500	0.496250	0.050000	0.937500	0.962500	0.087500
PA5_1_JAN	0.988750	0.937500	0.901250	0.937500	0.958750	0.946250	0.938750	0.943750	0.913750	0.951250	0.957500	0.952500	0.907500	0.986250	0.908750	0.981250	0.962500	0.945000	0.931250	0.972500	0.945000	0.882500	0.987500	0.973750	0.945000	0.985000	0.992500	0.945000	0.951250	0.928750	0.958750	0.988750	0.093750	0.973750	0.100000	0.042500	0.936250	0.023750	0.021250	0.961250	0.935000	0.981250	0.928750	0.030000	0.948750	0.806250	0.338750	0.961250	0.170000	0.982500	0.068750	0.000000	0.953750	0.681250	0.013750	0.950000	0.960000	0.517500	0.022500	0.956250	0.948750	0.045000
PA5_2_ABR	0.907500	0.446250	0.082500	0.866250	0.876250	0.023750	0.746250	0.816250	0.388750	0.778750	0.881250	0.866250	0.131250	0.906250	0.411250	0.902500	0.901250	0.833750	0.112500	0.896250	0.878750	0.208750	0.907500	0.887500	0.845000	0.911250	0.911250	0.856250	0.806250	0.816250	0.017500	0.905000	0.925000	0.896250	0.917500	0.920000	0.311250	0.966250	0.937500	0.093750	0.032500	0.923750	0.042500	0.967500	0.085000	0.161250	0.650000	0.093750	0.811250	0.906250	0.966250	0.953750	0.000000	0.336250	0.947500	0.081250	0.082500	0.565000	0.951250	0.877500	0.087500	0.991250
PA5_2_FEV	0.960000	0.446250	0.305000	0.847500	0.921250	0.323750	0.763750	0.820000	0.343750	0.818750	0.901250	0.903750	0.262500	0.951250	0.317500	0.935000	0.882500	0.830000	0.347500	0.937500	0.853750	0.276250	0.958750	0.920000	0.828750	0.956250	0.963750	0.842500	0.846250	0.783750	0.340000	0.956250	0.636250	0.912500	0.650000	0.655000	0.336250	0.701250	0.671250	0.377500	0.320000	0.933750	0.315000	0.673750	0.361250	0.205000	0.350000	0.377500	0.515000	0.951250	0.661250	0.681250	0.336250	0.000000	0.671250	0.357500	0.366250	0.285000	0.667500	0.898750	0.332500	0.726250
PA5_2_JAN	0.988750	0.927500	0.890000	0.935000	0.950000	0.938750	0.927500	0.933750	0.903750	0.937500	0.948750	0.938750	0.897500	0.986250	0.898750	0.970000	0.950000	0.935000	0.930000	0.972500	0.936250	0.877500	0.987500	0.961250	0.935000	0.985000	0.992500	0.935000	0.937500	0.918750	0.957500	0.985000	0.080000	0.965000	0.091250	0.040000	0.933750	0.030000	0.013750	0.960000	0.932500	0.972500	0.926250	0.020000	0.947500	0.792500	0.328750	0.960000	0.160000	0.983750	0.060000	0.013750	0.947500	0.671250	0.000000	0.940000	0.958750	0.507500	0.010000	0.943750	0.943750	0.055000
PA5_3_FEV	0.988750	0.520000	0.053750	0.903750	0.952500	0.066250	0.820000	0.891250	0.462500	0.852500	0.956250	0.941250	0.151250	0.986250	0.423750	0.976250	0.960000	0.910000	0.097500	0.976250	0.952500	0.202500	0.988750	0.965000	0.921250	0.988750	0.992500	0.931250	0.883750	0.890000	0.085000	0.985000	0.906250	0.970000	0.900000	0.911250	0.388750	0.956250	0.931250	0.031250	0.068750	0.980000	0.066250	0.960000	0.021250	0.153750	0.650000	0.031250	0.802500	0.986250	0.956250	0.950000	0.081250	0.357500	0.940000	0.000000	0.030000	0.638750	0.943750	0.951250	0.165000	0.987500
PA5_4_ABR	0.981250	0.528750	0.072500	0.908750	0.958750	0.071250	0.828750	0.898750	0.471250	0.860000	0.963750	0.947500	0.160000	0.982500	0.432500	0.983750	0.968750	0.916250	0.116250	0.973750	0.961250	0.220000	0.983750	0.970000	0.927500	0.986250	0.985000	0.938750	0.888750	0.898750	0.076250	0.986250	0.935000	0.978750	0.927500	0.927500	0.393750	0.975000	0.948750	0.012500	0.070000	0.985000	0.066250	0.978750	0.012500	0.172500	0.662500	0.012500	0.822500	0.986250	0.977500	0.960000	0.082500	0.366250	0.958750	0.030000	0.000000	0.647500	0.962500	0.960000	0.168750	0.993750
PA5_4_FEV	0.882500	0.486250	0.586250	0.835000	0.843750	0.576250	0.690000	0.742500	0.400000	0.741250	0.822500	0.826250	0.542500	0.877500	0.532500	0.861250	0.802500	0.751250	0.628750	0.863750	0.732500	0.556250	0.881250	0.846250	0.707500	0.878750	0.886250	0.721250	0.768750	0.662500	0.580000	0.878750	0.472500	0.835000	0.486250	0.491250	0.516250	0.537500	0.507500	0.658750	0.577500	0.902500	0.581250	0.510000	0.642500	0.486250	0.185000	0.658750	0.351250	0.873750	0.496250	0.517500	0.565000	0.285000	0.507500	0.638750	0.647500	0.000000	0.503750	0.821250	0.536250	0.562500
PA5_4_JAN	0.987500	0.923750	0.895000	0.938750	0.948750	0.942500	0.925000	0.930000	0.900000	0.940000	0.943750	0.940000	0.893750	0.985000	0.895000	0.968750	0.941250	0.931250	0.933750	0.971250	0.927500	0.880000	0.986250	0.953750	0.931250	0.983750	0.991250	0.930000	0.940000	0.915000	0.961250	0.983750	0.076250	0.955000	0.095000	0.042500	0.937500	0.033750	0.021250	0.965000	0.936250	0.967500	0.930000	0.017500	0.951250	0.792500	0.323750	0.965000	0.155000	0.981250	0.050000	0.022500	0.951250	0.667500	0.010000	0.943750	0.962500	0.503750	0.000000	0.935000	0.947500	0.060000
PA5_4_MAR	0.297500	0.533750	0.945000	0.908750	0.262500	0.896250	0.245000	0.241250	0.823750	0.256250	0.257500	0.255000	0.907500	0.293750	0.907500	0.343750	0.872500	0.243750	0.961250	0.282500	0.541250	0.946250	0.297500	0.262500	0.242500	0.296250	0.300000	0.243750	0.385000	0.430000	0.893750	0.293750	0.930000	0.191250	0.950000	0.951250	0.590000	0.958750	0.952500	0.971250	0.901250	0.676250	0.912500	0.937500	0.956250	0.940000	0.923750	0.971250	0.928750	0.295000	0.937500	0.956250	0.877500	0.898750	0.943750	0.951250	0.960000	0.821250	0.935000	0.000000	0.791250	0.983750
PA5_5_ABR	0.825000	0.360000	0.165000	0.862500	0.793750	0.111250	0.660000	0.732500	0.361250	0.693750	0.797500	0.782500	0.136250	0.822500	0.407500	0.816250	0.897500	0.751250	0.172500	0.812500	0.792500	0.205000	0.825000	0.806250	0.762500	0.823750	0.828750	0.773750	0.725000	0.730000	0.103750	0.821250	0.921250	0.813750	0.913750	0.915000	0.225000	0.961250	0.933750	0.180000	0.113750	0.925000	0.123750	0.963750	0.166250	0.165000	0.646250	0.180000	0.807500	0.823750	0.962500	0.948750	0.087500	0.332500	0.943750	0.165000	0.168750	0.536250	0.947500	0.791250	0.000000	0.986250
PA5_5_JAN	0.991250	0.982500	0.942500	0.982500	0.990000	0.991250	0.982500	0.988750	0.958750	0.987500	0.988750	0.988750	0.952500	0.990000	0.953750	0.985000	0.985000	0.990000	0.965000	0.990000	0.978750	0.927500	0.992500	0.991250	0.990000	0.990000	0.993750	0.990000	0.991250	0.973750	0.992500	0.993750	0.130000	0.990000	0.136250	0.080000	0.981250	0.032500	0.057500	0.993750	0.973750	0.993750	0.965000	0.052500	0.986250	0.846250	0.383750	0.993750	0.215000	0.995000	0.087500	0.045000	0.991250	0.726250	0.055000	0.987500	0.993750	0.562500	0.060000	0.983750	0.986250	0.000000
