46
A_AL_1_2	0.000000	0.451000	0.436800	0.477000	0.657000	0.511600	0.501400	0.559400	0.576000	0.364200	0.736600	0.427000	0.693600	0.577400	0.640800	0.593200	0.627400	0.535400	0.445200	0.481800	0.641200	0.637600	0.533400	0.440800	0.904600	0.570600	0.500200	0.583600	0.495000	0.613000	0.594600	0.417600	0.618200	0.546600	0.433800	0.550000	0.507000	0.538400	0.673400	0.499600	0.482600	0.618600	0.512000	0.588400	0.660000	0.602400
A_AL_1_3	0.451000	0.000000	0.270600	0.356600	0.488400	0.464400	0.151200	0.375200	0.613200	0.325000	0.825200	0.475000	0.775000	0.471600	0.705800	0.458000	0.498200	0.693400	0.346600	0.436000	0.489400	0.577400	0.583600	0.384000	0.839600	0.500200	0.358600	0.780000	0.712800	0.760800	0.553000	0.614600	0.483600	0.338400	0.518400	0.595800	0.412600	0.783200	0.673200	0.421200	0.666200	0.549000	0.417600	0.576400	0.456800	0.560400
A_AL_2_2	0.436800	0.270600	0.000000	0.161600	0.306000	0.454800	0.289000	0.256800	0.612600	0.277200	0.806000	0.499600	0.768200	0.359600	0.740200	0.297000	0.334200	0.673200	0.186000	0.283800	0.376800	0.532600	0.526200	0.210800	0.895400	0.529200	0.459200	0.783400	0.717800	0.623600	0.410000	0.475800	0.322200	0.438600	0.385800	0.580600	0.345200	0.789000	0.677200	0.580600	0.651000	0.389400	0.274600	0.415800	0.593600	0.398800
A_AL_2_3	0.477000	0.356600	0.161600	0.000000	0.266600	0.496000	0.344400	0.244000	0.638400	0.328800	0.808200	0.557000	0.779000	0.378200	0.775000	0.206200	0.262400	0.707200	0.196600	0.283400	0.299400	0.535000	0.540200	0.183400	0.910200	0.594000	0.524200	0.774000	0.700000	0.598200	0.376000	0.448600	0.209200	0.493200	0.373000	0.566800	0.388600	0.774400	0.660400	0.604800	0.668400	0.286800	0.282600	0.402400	0.646000	0.341400
A_AL_2_4	0.657000	0.488400	0.306000	0.266600	0.000000	0.605000	0.460800	0.192400	0.618600	0.462200	0.758200	0.739400	0.882600	0.280000	0.931600	0.250800	0.254800	0.759200	0.287200	0.375600	0.373200	0.529000	0.598600	0.273600	0.939200	0.624200	0.585400	0.782400	0.756200	0.660400	0.437000	0.486000	0.247400	0.589000	0.429200	0.634000	0.450400	0.846000	0.721200	0.728200	0.693600	0.169200	0.325600	0.331400	0.731200	0.306800
A_AL_3_1	0.511600	0.464400	0.454800	0.496000	0.605000	0.000000	0.396000	0.474600	0.584800	0.326600	0.721000	0.481800	0.730200	0.413400	0.663600	0.580200	0.589200	0.626000	0.465400	0.442200	0.630800	0.657200	0.657000	0.504200	0.863400	0.394400	0.349400	0.616600	0.572000	0.446800	0.533200	0.484800	0.532400	0.346000	0.407400	0.505000	0.533200	0.618800	0.607800	0.357000	0.614800	0.575200	0.468800	0.464800	0.410200	0.507200
A_AL_3_2	0.501400	0.151200	0.289000	0.344400	0.460800	0.396000	0.000000	0.312000	0.637600	0.252800	0.845000	0.543400	0.794200	0.440200	0.751200	0.415600	0.451200	0.761200	0.324000	0.385600	0.433800	0.608600	0.645000	0.361000	0.821800	0.520200	0.353200	0.775600	0.707600	0.685000	0.477200	0.532800	0.430000	0.269800	0.443600	0.570800	0.387400	0.780400	0.668600	0.432800	0.690600	0.486600	0.401000	0.520000	0.379400	0.498600
A_AL_3_3	0.559400	0.375200	0.256800	0.244000	0.192400	0.474600	0.312000	0.000000	0.648200	0.320000	0.857000	0.626200	0.808200	0.306600	0.850200	0.269000	0.397400	0.790400	0.207800	0.343000	0.409000	0.620000	0.666000	0.196000	0.871400	0.600000	0.530400	0.780400	0.717800	0.615800	0.374800	0.453000	0.253600	0.463200	0.388600	0.587600	0.435400	0.787400	0.678400	0.632800	0.708400	0.220600	0.272600	0.397000	0.602800	0.336200
A_CT_7_1	0.576000	0.613200	0.612600	0.638400	0.618600	0.584800	0.637600	0.648200	0.000000	0.522000	0.259200	0.619000	0.835200	0.519000	0.856600	0.711600	0.534800	0.550600	0.646800	0.560600	0.702600	0.247000	0.413200	0.670400	0.871400	0.491800	0.469800	0.679800	0.615400	0.689800	0.725400	0.605200	0.697000	0.603600	0.583000	0.593800	0.590000	0.676800	0.674800	0.607800	0.395800	0.705600	0.661600	0.495400	0.707400	0.673600
A_CT_7_2	0.364200	0.325000	0.277200	0.328800	0.462200	0.326600	0.252800	0.320000	0.522000	0.000000	0.736800	0.497800	0.754400	0.409800	0.727800	0.397400	0.415200	0.616600	0.296200	0.296400	0.461800	0.595400	0.602800	0.319200	0.820800	0.470600	0.347200	0.673800	0.594600	0.527600	0.430000	0.383000	0.423600	0.370800	0.326400	0.490600	0.387000	0.666800	0.644200	0.480600	0.580000	0.437800	0.322200	0.395000	0.473000	0.434000
A_CT_8_1	0.736600	0.825200	0.806000	0.808200	0.758200	0.721000	0.845000	0.857000	0.259200	0.736800	0.000000	0.750200	0.699400	0.704600	0.711800	0.854400	0.655800	0.419000	0.851600	0.731200	0.846000	0.354200	0.549400	0.826200	0.940400	0.620000	0.665800	0.768400	0.740400	0.626000	0.867800	0.766400	0.829600	0.816800	0.750200	0.579600	0.751000	0.756600	0.654200	0.685000	0.498400	0.839400	0.798400	0.661000	0.887000	0.750200
A_CT_8_2	0.427000	0.475000	0.499600	0.557000	0.739400	0.481800	0.543400	0.626200	0.619000	0.497800	0.750200	0.000000	0.534600	0.553400	0.558200	0.694800	0.719800	0.554200	0.522400	0.608800	0.728400	0.644400	0.505400	0.532400	0.869200	0.480000	0.476600	0.778200	0.710800	0.708800	0.701200	0.722200	0.680600	0.532400	0.699400	0.618200	0.593000	0.706400	0.634000	0.482800	0.646400	0.767800	0.626600	0.654200	0.612400	0.708000
A_CT_8_3	0.693600	0.775000	0.768200	0.779000	0.882600	0.730200	0.794200	0.808200	0.835200	0.754400	0.699400	0.534600	0.000000	0.783200	0.230400	0.832400	0.881200	0.406600	0.710600	0.788200	0.868400	0.809600	0.727000	0.735200	0.927000	0.724600	0.759600	0.889800	0.819400	0.609600	0.805200	0.853800	0.799600	0.787800	0.836400	0.588600	0.779400	0.800000	0.405200	0.676800	0.782600	0.892800	0.783400	0.837400	0.812600	0.811800
A_CT_9_1	0.577400	0.471600	0.359600	0.378200	0.280000	0.413400	0.440200	0.306600	0.519000	0.409800	0.704600	0.553400	0.783200	0.000000	0.739800	0.451000	0.427800	0.601600	0.389800	0.403800	0.581600	0.467600	0.495600	0.350000	0.910400	0.437800	0.393000	0.781200	0.705400	0.592800	0.443800	0.509600	0.397000	0.428000	0.509000	0.597800	0.438800	0.766000	0.659000	0.547200	0.568800	0.419400	0.402600	0.312800	0.565400	0.477600
A_CT_9_3	0.640800	0.705800	0.740200	0.775000	0.931600	0.663600	0.751200	0.850200	0.856600	0.727800	0.711800	0.558200	0.230400	0.739800	0.000000	0.878800	0.911200	0.393000	0.755600	0.814200	0.921400	0.842200	0.735200	0.736800	0.936200	0.667400	0.695400	0.917200	0.851400	0.609600	0.860400	0.884400	0.860800	0.716800	0.864000	0.596200	0.790200	0.789200	0.441800	0.615200	0.791400	0.923400	0.772200	0.866400	0.737800	0.816600
A_SA_4_1	0.593200	0.458000	0.297000	0.206200	0.250800	0.580200	0.415600	0.269000	0.711600	0.397400	0.854400	0.694800	0.832400	0.451000	0.878800	0.000000	0.248600	0.817200	0.222000	0.386200	0.222600	0.612000	0.650200	0.234400	0.932600	0.708400	0.640800	0.781600	0.734000	0.647800	0.427800	0.464400	0.150600	0.576000	0.406200	0.612400	0.494600	0.830600	0.706800	0.684200	0.771400	0.231800	0.303200	0.422600	0.712000	0.302000
A_SA_4_2	0.627400	0.498200	0.334200	0.262400	0.254800	0.589200	0.451200	0.397400	0.534800	0.415200	0.655800	0.719800	0.881200	0.427800	0.911200	0.248600	0.000000	0.685600	0.360800	0.364200	0.271200	0.470600	0.533000	0.375400	0.933000	0.578000	0.552400	0.754600	0.728600	0.665800	0.499600	0.513000	0.265800	0.566800	0.421800	0.605800	0.431800	0.823000	0.709600	0.698000	0.599800	0.311000	0.381800	0.391400	0.717000	0.363200
A_SA_4_3	0.535400	0.693400	0.673200	0.707200	0.759200	0.626000	0.761200	0.790400	0.550600	0.616600	0.419000	0.554200	0.406600	0.601600	0.393000	0.817200	0.685600	0.000000	0.691600	0.657800	0.841200	0.624600	0.529800	0.693000	0.916400	0.515200	0.569800	0.761200	0.697200	0.481000	0.814200	0.730000	0.791000	0.728000	0.712600	0.493800	0.658000	0.663600	0.492400	0.581400	0.484600	0.836400	0.705600	0.642000	0.768000	0.754200
A_SA_5_1	0.445200	0.346600	0.186000	0.196600	0.287200	0.465400	0.324000	0.207800	0.646800	0.296200	0.851600	0.522400	0.710600	0.389800	0.755600	0.222000	0.360800	0.691600	0.000000	0.311400	0.374600	0.608200	0.568800	0.177400	0.889000	0.597400	0.524000	0.775200	0.704200	0.602200	0.363600	0.444000	0.262400	0.465600	0.372200	0.572800	0.414200	0.775200	0.666800	0.594400	0.689200	0.306800	0.248200	0.404400	0.604400	0.320800
A_SA_5_2	0.481800	0.436000	0.283800	0.283400	0.375600	0.442200	0.385600	0.343000	0.560600	0.296400	0.731200	0.608800	0.788200	0.403800	0.814200	0.386200	0.364200	0.657800	0.311400	0.000000	0.439800	0.549000	0.585200	0.303200	0.914400	0.523000	0.448600	0.707400	0.628800	0.540200	0.405800	0.407600	0.374400	0.466400	0.315400	0.494200	0.248800	0.713000	0.633600	0.553600	0.590200	0.396000	0.314200	0.363600	0.619400	0.382200
A_SA_5_6	0.641200	0.489400	0.376800	0.299400	0.373200	0.630800	0.433800	0.409000	0.702600	0.461800	0.846000	0.728400	0.868400	0.581600	0.921400	0.222600	0.271200	0.841200	0.374600	0.439800	0.000000	0.613200	0.683800	0.404600	0.929800	0.704200	0.641200	0.778200	0.740000	0.715000	0.522800	0.545800	0.268400	0.564200	0.459200	0.614400	0.490600	0.836400	0.708400	0.707200	0.769400	0.363800	0.437800	0.535000	0.718400	0.433800
A_SA_6_1	0.637600	0.577400	0.532600	0.535000	0.529000	0.657200	0.608600	0.620000	0.247000	0.595400	0.354200	0.644400	0.809600	0.467600	0.842200	0.612000	0.470600	0.624600	0.608200	0.549000	0.613200	0.000000	0.357000	0.565400	0.924800	0.537200	0.531200	0.776000	0.713200	0.742000	0.635600	0.638800	0.592200	0.622600	0.626400	0.577200	0.524200	0.793400	0.666400	0.661000	0.534400	0.663000	0.626600	0.486000	0.752200	0.631000
A_SA_6_2	0.533400	0.583600	0.526200	0.540200	0.598600	0.657000	0.645000	0.666000	0.413200	0.602800	0.549400	0.505400	0.727000	0.495600	0.735200	0.650200	0.533000	0.529800	0.568800	0.585200	0.683800	0.357000	0.000000	0.526400	0.924600	0.526400	0.533400	0.767000	0.693200	0.745600	0.696400	0.696200	0.663800	0.655000	0.680600	0.641600	0.562400	0.781400	0.677800	0.642200	0.499200	0.733000	0.643200	0.561600	0.736600	0.718800
A_SA_6_3	0.440800	0.384000	0.210800	0.183400	0.273600	0.504200	0.361000	0.196000	0.670400	0.319200	0.826200	0.532400	0.735200	0.350000	0.736800	0.234400	0.375400	0.693000	0.177400	0.303200	0.404600	0.565400	0.526400	0.000000	0.918600	0.619000	0.550400	0.752600	0.686400	0.586600	0.364200	0.430000	0.245200	0.489600	0.364600	0.555600	0.407400	0.777000	0.650400	0.599000	0.691400	0.288400	0.230800	0.390400	0.638000	0.310200
D_AL_1_4	0.904600	0.839600	0.895400	0.910200	0.939200	0.863400	0.821800	0.871400	0.871400	0.820800	0.940400	0.869200	0.927000	0.910400	0.936200	0.932600	0.933000	0.916400	0.889000	0.914400	0.929800	0.924800	0.924600	0.918600	0.000000	0.848600	0.770800	0.918600	0.908200	0.926600	0.937400	0.920600	0.931400	0.861000	0.904400	0.907600	0.907000	0.910800	0.908200	0.894000	0.883600	0.927000	0.935000	0.874600	0.765600	0.918800
D_AL_2_2	0.570600	0.500200	0.529200	0.594000	0.624200	0.394400	0.520200	0.600000	0.491800	0.470600	0.620000	0.480000	0.724600	0.437800	0.667400	0.708400	0.578000	0.515200	0.597400	0.523000	0.704200	0.537200	0.526400	0.619000	0.848600	0.000000	0.290400	0.649800	0.523000	0.544400	0.667000	0.638200	0.637400	0.411400	0.611800	0.480800	0.463600	0.625800	0.571600	0.429400	0.413600	0.677200	0.544200	0.427800	0.466600	0.588000
D_AL_2_3	0.500200	0.358600	0.459200	0.524200	0.585400	0.349400	0.353200	0.530400	0.469800	0.347200	0.665800	0.476600	0.759600	0.393000	0.695400	0.640800	0.552400	0.569800	0.524000	0.448600	0.641200	0.531200	0.533400	0.550400	0.770800	0.290400	0.000000	0.689800	0.596200	0.617600	0.605600	0.567000	0.597600	0.344200	0.543800	0.496800	0.409200	0.667400	0.594800	0.373000	0.457600	0.632200	0.514800	0.419000	0.342800	0.598800
D_AL_3_1	0.583600	0.780000	0.783400	0.774000	0.782400	0.616600	0.775600	0.780400	0.679800	0.673800	0.768400	0.778200	0.889800	0.781200	0.917200	0.781600	0.754600	0.761200	0.775200	0.707400	0.778200	0.776000	0.767000	0.752600	0.918600	0.649800	0.689800	0.000000	0.304400	0.539000	0.792800	0.522400	0.775200	0.708600	0.485200	0.571800	0.735200	0.521400	0.651800	0.666000	0.581000	0.725800	0.708200	0.604000	0.662000	0.716800
D_AL_3_2	0.495000	0.712800	0.717800	0.700000	0.756200	0.572000	0.707600	0.717800	0.615400	0.594600	0.740400	0.710800	0.819400	0.705400	0.851400	0.734000	0.728600	0.697200	0.704200	0.628800	0.740000	0.713200	0.693200	0.686400	0.908200	0.523000	0.596200	0.304400	0.000000	0.446600	0.723600	0.415800	0.705000	0.624200	0.510800	0.470600	0.659200	0.440400	0.581600	0.596800	0.498200	0.686000	0.667000	0.542600	0.587600	0.655400
D_AL_3_3	0.613000	0.760800	0.623600	0.598200	0.660400	0.446800	0.685000	0.615800	0.689800	0.527600	0.626000	0.708800	0.609600	0.592800	0.609600	0.647800	0.665800	0.481000	0.602200	0.540200	0.715000	0.742000	0.745600	0.586600	0.926600	0.544400	0.617600	0.539000	0.446600	0.000000	0.594400	0.455200	0.577000	0.612600	0.445200	0.334400	0.660000	0.495200	0.404200	0.574600	0.619000	0.604000	0.547200	0.458800	0.550600	0.519000
D_CT_7_1	0.594600	0.553000	0.410000	0.376000	0.437000	0.533200	0.477200	0.374800	0.725400	0.430000	0.867800	0.701200	0.805200	0.443800	0.860400	0.427800	0.499600	0.814200	0.363600	0.405800	0.522800	0.635600	0.696400	0.364200	0.937400	0.667000	0.605600	0.792800	0.723600	0.594400	0.000000	0.471800	0.366400	0.549200	0.436200	0.593800	0.481400	0.787200	0.674800	0.657000	0.767800	0.447200	0.376400	0.454400	0.670000	0.420400
D_CT_7_2	0.417600	0.614600	0.475800	0.448600	0.486000	0.484800	0.532800	0.453000	0.605200	0.383000	0.766400	0.722200	0.853800	0.509600	0.884400	0.464400	0.513000	0.730000	0.444000	0.407600	0.545800	0.638800	0.696200	0.430000	0.920600	0.638200	0.567000	0.522400	0.415800	0.455200	0.471800	0.000000	0.456600	0.523600	0.283800	0.508000	0.529200	0.430200	0.665400	0.613800	0.543400	0.422400	0.426800	0.398200	0.644600	0.426800
D_CT_8_1	0.618200	0.483600	0.322200	0.209200	0.247400	0.532400	0.430000	0.253600	0.697000	0.423600	0.829600	0.680600	0.799600	0.397000	0.860800	0.150600	0.265800	0.791000	0.262400	0.374400	0.268400	0.592200	0.663800	0.245200	0.931400	0.637400	0.597600	0.775200	0.705000	0.577000	0.366400	0.456600	0.000000	0.534600	0.383400	0.548000	0.461200	0.765600	0.636800	0.645400	0.745200	0.219000	0.290000	0.389200	0.684000	0.250800
D_CT_8_2	0.546600	0.338400	0.438600	0.493200	0.589000	0.346000	0.269800	0.463200	0.603600	0.370800	0.816800	0.532400	0.787800	0.428000	0.716800	0.576000	0.566800	0.728000	0.465600	0.466400	0.564200	0.622600	0.655000	0.489600	0.861000	0.411400	0.344200	0.708600	0.624200	0.612600	0.549200	0.523600	0.534600	0.000000	0.487200	0.503600	0.441200	0.720400	0.613200	0.343400	0.587200	0.557200	0.439600	0.473000	0.337800	0.541600
D_CT_8_3	0.433800	0.518400	0.385800	0.373000	0.429200	0.407400	0.443600	0.388600	0.583000	0.326400	0.750200	0.699400	0.836400	0.509000	0.864000	0.406200	0.421800	0.712600	0.372200	0.315400	0.459200	0.626400	0.680600	0.364600	0.904400	0.611800	0.543800	0.485200	0.510800	0.445200	0.436200	0.283800	0.383400	0.487200	0.000000	0.484600	0.445200	0.613000	0.635400	0.570400	0.567800	0.364800	0.334800	0.395600	0.624200	0.357400
D_CT_9_1	0.550000	0.595800	0.580600	0.566800	0.634000	0.505000	0.570800	0.587600	0.593800	0.490600	0.579600	0.618200	0.588600	0.597800	0.596200	0.612400	0.605800	0.493800	0.572800	0.494200	0.614400	0.577200	0.641600	0.555600	0.907600	0.480800	0.496800	0.571800	0.470600	0.334400	0.593800	0.508000	0.548000	0.503600	0.484600	0.000000	0.515600	0.579800	0.312000	0.467400	0.598800	0.572800	0.531000	0.417400	0.569200	0.459400
D_CT_9_2	0.507000	0.412600	0.345200	0.388600	0.450400	0.533200	0.387400	0.435400	0.590000	0.387000	0.751000	0.593000	0.779400	0.438800	0.790200	0.494600	0.431800	0.658000	0.414200	0.248800	0.490600	0.524200	0.562400	0.407400	0.907000	0.463600	0.409200	0.735200	0.659200	0.660000	0.481400	0.529200	0.461200	0.441200	0.445200	0.515600	0.000000	0.755600	0.623200	0.546200	0.566800	0.515000	0.405000	0.448000	0.568800	0.517200
D_SA_4_1	0.538400	0.783200	0.789000	0.774400	0.846000	0.618800	0.780400	0.787400	0.676800	0.666800	0.756600	0.706400	0.800000	0.766000	0.789200	0.830600	0.823000	0.663600	0.775200	0.713000	0.836400	0.793400	0.781400	0.777000	0.910800	0.625800	0.667400	0.521400	0.440400	0.495200	0.787200	0.430200	0.765600	0.720400	0.613000	0.579800	0.755600	0.000000	0.635800	0.611200	0.566200	0.791200	0.744400	0.651600	0.678200	0.705000
D_SA_4_2	0.673400	0.673200	0.677200	0.660400	0.721200	0.607800	0.668600	0.678400	0.674800	0.644200	0.654200	0.634000	0.405200	0.659000	0.441800	0.706800	0.709600	0.492400	0.666800	0.633600	0.708400	0.666400	0.677800	0.650400	0.908200	0.571600	0.594800	0.651800	0.581600	0.404200	0.674800	0.665400	0.636800	0.613200	0.635400	0.312000	0.623200	0.635800	0.000000	0.485000	0.704200	0.703000	0.655400	0.548400	0.623400	0.629400
D_SA_4_4	0.499600	0.421200	0.580600	0.604800	0.728200	0.357000	0.432800	0.632800	0.607800	0.480600	0.685000	0.482800	0.676800	0.547200	0.615200	0.684200	0.698000	0.581400	0.594400	0.553600	0.707200	0.661000	0.642200	0.599000	0.894000	0.429400	0.373000	0.666000	0.596800	0.574600	0.657000	0.613800	0.645400	0.343400	0.570400	0.467400	0.546200	0.611200	0.485000	0.000000	0.583000	0.679600	0.552200	0.570600	0.463400	0.606400
D_SA_5_1	0.482600	0.666200	0.651000	0.668400	0.693600	0.614800	0.690600	0.708400	0.395800	0.580000	0.498400	0.646400	0.782600	0.568800	0.791400	0.771400	0.599800	0.484600	0.689200	0.590200	0.769400	0.534400	0.499200	0.691400	0.883600	0.413600	0.457600	0.581000	0.498200	0.619000	0.767800	0.543400	0.745200	0.587200	0.567800	0.598800	0.566800	0.566200	0.704200	0.583000	0.000000	0.745800	0.647000	0.537000	0.660200	0.705800
D_SA_5_2	0.618600	0.549000	0.389400	0.286800	0.169200	0.575200	0.486600	0.220600	0.705600	0.437800	0.839400	0.767800	0.892800	0.419400	0.923400	0.231800	0.311000	0.836400	0.306800	0.396000	0.363800	0.663000	0.733000	0.288400	0.927000	0.677200	0.632200	0.725800	0.686000	0.604000	0.447200	0.422400	0.219000	0.557200	0.364800	0.572800	0.515000	0.791200	0.703000	0.679600	0.745800	0.000000	0.300600	0.387600	0.692400	0.224600
D_SA_5_3	0.512000	0.417600	0.274600	0.282600	0.325600	0.468800	0.401000	0.272600	0.661600	0.322200	0.798400	0.626600	0.783400	0.402600	0.772200	0.303200	0.381800	0.705600	0.248200	0.314200	0.437800	0.626600	0.643200	0.230800	0.935000	0.544200	0.514800	0.708200	0.667000	0.547200	0.376400	0.426800	0.290000	0.439600	0.334800	0.531000	0.405000	0.744400	0.655400	0.552200	0.647000	0.300600	0.000000	0.364600	0.598200	0.279000
D_SA_6_1	0.588400	0.576400	0.415800	0.402400	0.331400	0.464800	0.520000	0.397000	0.495400	0.395000	0.661000	0.654200	0.837400	0.312800	0.866400	0.422600	0.391400	0.642000	0.404400	0.363600	0.535000	0.486000	0.561600	0.390400	0.874600	0.427800	0.419000	0.604000	0.542600	0.458800	0.454400	0.398200	0.389200	0.473000	0.395600	0.417400	0.448000	0.651600	0.548400	0.570600	0.537000	0.387600	0.364600	0.000000	0.539400	0.359800
D_SA_6_2	0.660000	0.456800	0.593600	0.646000	0.731200	0.410200	0.379400	0.602800	0.707400	0.473000	0.887000	0.612400	0.812600	0.565400	0.737800	0.712000	0.717000	0.768000	0.604400	0.619400	0.718400	0.752200	0.736600	0.638000	0.765600	0.466600	0.342800	0.662000	0.587600	0.550600	0.670000	0.644600	0.684000	0.337800	0.624200	0.569200	0.568800	0.678200	0.623400	0.463400	0.660200	0.692400	0.598200	0.539400	0.000000	0.683600
D_SA_6_3	0.602400	0.560400	0.398800	0.341400	0.306800	0.507200	0.498600	0.336200	0.673600	0.434000	0.750200	0.708000	0.811800	0.477600	0.816600	0.302000	0.363200	0.754200	0.320800	0.382200	0.433800	0.631000	0.718800	0.310200	0.918800	0.588000	0.598800	0.716800	0.655400	0.519000	0.420400	0.426800	0.250800	0.541600	0.357400	0.459400	0.517200	0.705000	0.629400	0.606400	0.705800	0.224600	0.279000	0.359800	0.683600	0.000000
