48
A_AL_1_2	0.000000	0.332976	0.322752	0.300655	0.362309	0.426854	0.402681	0.407093	0.316447	0.376564	0.883541	0.286454	0.628396	0.789294	0.697006	0.193788	0.281036	0.573571	0.193944	0.896089	0.467376	0.414061	0.253650	0.340133	0.669692	0.537712	0.346552	0.705144	0.750265	0.673652	0.570599	0.722728	0.359126	0.437224	0.762812	0.416943	0.567511	0.467110	0.368968	0.916067	0.281366	0.339314	0.593091	0.836259	0.796994	0.403006	0.372129	0.463868
A_AL_1_3	0.332976	0.000000	0.320860	0.171818	0.102071	0.147596	0.229458	0.119778	0.106616	0.598168	0.885099	0.185301	0.826907	0.781033	0.797043	0.418502	0.439750	0.692241	0.348486	0.906383	0.661555	0.451204	0.408285	0.531250	0.692189	0.582250	0.485804	0.763436	0.812316	0.678240	0.595278	0.748972	0.326373	0.458293	0.793488	0.452754	0.597862	0.480119	0.307328	0.918482	0.254699	0.330065	0.591134	0.837479	0.825367	0.206381	0.349770	0.495480
A_AL_2_2	0.322752	0.320860	0.000000	0.322370	0.317167	0.348354	0.329839	0.369276	0.320120	0.551041	0.900545	0.319952	0.759807	0.804561	0.756859	0.332950	0.234030	0.696622	0.353185	0.919399	0.540057	0.421411	0.341877	0.522921	0.698152	0.585433	0.409384	0.752044	0.769830	0.673011	0.595368	0.738295	0.360290	0.457396	0.744684	0.449169	0.590140	0.482789	0.354559	0.912188	0.323944	0.327005	0.574870	0.816028	0.826296	0.378678	0.373522	0.458232
A_AL_2_3	0.300655	0.171818	0.322370	0.000000	0.194607	0.247281	0.178565	0.237086	0.191506	0.576201	0.818904	0.179859	0.760558	0.729781	0.735737	0.407369	0.393496	0.678330	0.345328	0.891797	0.669837	0.412077	0.402574	0.542595	0.666612	0.539368	0.469308	0.712869	0.763848	0.670866	0.558264	0.720349	0.303766	0.444711	0.767417	0.410683	0.590701	0.473741	0.288507	0.913737	0.255808	0.321425	0.577698	0.825399	0.807874	0.230366	0.306483	0.472985
A_AL_2_4	0.362309	0.102071	0.317167	0.194607	0.000000	0.129901	0.200405	0.126113	0.140074	0.604878	0.891052	0.236447	0.846182	0.791851	0.823642	0.418021	0.438163	0.741866	0.399126	0.913411	0.681763	0.433989	0.405108	0.556672	0.681098	0.566565	0.487660	0.761487	0.781677	0.658678	0.568759	0.723422	0.338306	0.458425	0.773293	0.433852	0.636752	0.481484	0.296935	0.897108	0.286303	0.346042	0.575845	0.823943	0.826131	0.194948	0.325551	0.474367
A_AL_3_1	0.426854	0.147596	0.348354	0.247281	0.129901	0.000000	0.190188	0.123709	0.176459	0.688752	0.893561	0.272564	0.893176	0.773341	0.873524	0.465180	0.449837	0.770912	0.446564	0.922007	0.696334	0.518243	0.448645	0.610937	0.723953	0.607731	0.567521	0.835019	0.857361	0.690257	0.594122	0.746873	0.387538	0.490613	0.764678	0.484592	0.695460	0.504893	0.328747	0.906833	0.334515	0.408614	0.605876	0.843525	0.828637	0.225468	0.376296	0.489313
A_AL_3_2	0.402681	0.229458	0.329839	0.178565	0.200405	0.190188	0.000000	0.208859	0.229628	0.616160	0.811871	0.224821	0.815588	0.697461	0.771095	0.430994	0.413094	0.727141	0.413854	0.912858	0.634309	0.434210	0.419271	0.534536	0.650033	0.535972	0.498455	0.755836	0.786878	0.633922	0.535236	0.695047	0.320396	0.463683	0.726538	0.407964	0.661534	0.484080	0.288557	0.849048	0.300548	0.339054	0.533848	0.799883	0.823364	0.231073	0.310155	0.429658
A_AL_3_3	0.407093	0.119778	0.369276	0.237086	0.126113	0.123709	0.208859	0.000000	0.164923	0.664541	0.875872	0.228823	0.869842	0.753322	0.795957	0.492568	0.503494	0.734662	0.408906	0.911162	0.709273	0.488862	0.468683	0.592285	0.690528	0.586616	0.542217	0.763488	0.832070	0.687353	0.594927	0.749840	0.358713	0.467465	0.794667	0.451565	0.651487	0.482175	0.300810	0.861927	0.271446	0.346445	0.570516	0.813267	0.827551	0.206780	0.357365	0.502742
A_CT_7_1	0.316447	0.106616	0.320120	0.191506	0.140074	0.176459	0.229628	0.164923	0.000000	0.539381	0.892210	0.163384	0.799186	0.792379	0.780205	0.384626	0.408777	0.650910	0.319032	0.910124	0.608063	0.450875	0.344200	0.470357	0.685443	0.577834	0.448822	0.759671	0.816100	0.677710	0.594717	0.728782	0.312436	0.447434	0.784097	0.448094	0.588405	0.479533	0.302381	0.903658	0.232359	0.331974	0.576282	0.818177	0.819304	0.199944	0.346802	0.477149
A_CT_7_2	0.376564	0.598168	0.551041	0.576201	0.604878	0.688752	0.616160	0.664541	0.539381	0.000000	0.835122	0.544327	0.493026	0.777821	0.651493	0.299529	0.412989	0.538929	0.369665	0.897296	0.299437	0.449968	0.322592	0.232076	0.588675	0.568367	0.367063	0.595326	0.677029	0.642227	0.610786	0.664669	0.565135	0.647428	0.690747	0.549280	0.532958	0.652075	0.580932	0.852458	0.539377	0.540070	0.588186	0.752363	0.802773	0.646793	0.575640	0.617898
A_CT_8_1	0.883541	0.885099	0.900545	0.818904	0.891052	0.893561	0.811871	0.875872	0.892210	0.835122	0.000000	0.859991	0.757577	0.685109	0.742545	0.876116	0.836400	0.670310	0.832090	0.915944	0.872234	0.789140	0.859660	0.836090	0.888532	0.885231	0.889157	0.813848	0.877526	0.938894	0.883703	0.952255	0.879331	0.890087	0.789556	0.841182	0.826856	0.888008	0.823105	0.921575	0.884770	0.887123	0.869340	0.865924	0.922876	0.893938	0.896064	0.904407
A_CT_8_2	0.286454	0.185301	0.319952	0.179859	0.236447	0.272564	0.224821	0.228823	0.163384	0.544327	0.859991	0.000000	0.760097	0.720866	0.699591	0.373400	0.392446	0.571337	0.285635	0.905338	0.606800	0.439677	0.361508	0.489306	0.681278	0.568708	0.427183	0.751813	0.807510	0.686109	0.581273	0.747853	0.324830	0.459966	0.806252	0.448738	0.565391	0.487916	0.311974	0.906789	0.193071	0.329903	0.572013	0.819792	0.821536	0.259847	0.354438	0.501194
A_CT_8_3	0.628396	0.826907	0.759807	0.760558	0.846182	0.893176	0.815588	0.869842	0.799186	0.493026	0.757577	0.760097	0.000000	0.773094	0.534604	0.583207	0.581610	0.701726	0.649853	0.919332	0.545331	0.779042	0.637941	0.581641	0.852156	0.868509	0.621143	0.771260	0.831145	0.913140	0.857926	0.937835	0.858261	0.889721	0.862963	0.831425	0.754210	0.868123	0.822859	0.911739	0.714754	0.794974	0.857513	0.895553	0.924916	0.888853	0.869784	0.884499
A_CT_9_1	0.789294	0.781033	0.804561	0.729781	0.791851	0.773341	0.697461	0.753322	0.792379	0.777821	0.685109	0.720866	0.773094	0.000000	0.720099	0.791245	0.741188	0.698383	0.760721	0.921416	0.784428	0.745566	0.764751	0.781963	0.777757	0.790349	0.787608	0.799540	0.858415	0.811457	0.770669	0.821692	0.792690	0.796232	0.805207	0.764834	0.763691	0.790201	0.756968	0.883371	0.755582	0.767066	0.771227	0.818702	0.834653	0.801651	0.798125	0.805788
A_CT_9_3	0.697006	0.797043	0.756859	0.735737	0.823642	0.873524	0.771095	0.795957	0.780205	0.651493	0.742545	0.699591	0.534604	0.720099	0.000000	0.677306	0.625335	0.632677	0.646226	0.909228	0.672187	0.715109	0.654585	0.711088	0.855724	0.868671	0.679430	0.738133	0.824041	0.908240	0.862604	0.935470	0.848251	0.881189	0.865023	0.830782	0.730410	0.872638	0.823485	0.554809	0.665821	0.635600	0.839624	0.863372	0.921620	0.879240	0.870129	0.891425
A_SA_4_1	0.193788	0.418502	0.332950	0.407369	0.418021	0.465180	0.430994	0.492568	0.384626	0.299529	0.876116	0.373400	0.583207	0.791245	0.677306	0.000000	0.205692	0.597212	0.249389	0.906472	0.389398	0.392056	0.186856	0.284674	0.668480	0.535614	0.300360	0.702409	0.727743	0.649543	0.549043	0.717038	0.452297	0.490577	0.724613	0.457978	0.567199	0.489238	0.451610	0.883279	0.357911	0.397857	0.561117	0.809186	0.800014	0.480218	0.459282	0.449948
A_SA_4_2	0.281036	0.439750	0.234030	0.393496	0.438163	0.449837	0.413094	0.503494	0.408777	0.412989	0.836400	0.392446	0.581610	0.741188	0.625335	0.205692	0.000000	0.588292	0.303773	0.900838	0.434588	0.405708	0.220175	0.386006	0.677358	0.563174	0.285991	0.729769	0.756593	0.663459	0.562987	0.731945	0.479150	0.505845	0.730318	0.485310	0.560595	0.503119	0.463837	0.896776	0.372951	0.429868	0.576078	0.816497	0.815661	0.498852	0.493070	0.477202
A_SA_4_3	0.573571	0.692241	0.696622	0.678330	0.741866	0.770912	0.727141	0.734662	0.650910	0.538929	0.670310	0.571337	0.701726	0.698383	0.632677	0.597212	0.588292	0.000000	0.531270	0.893954	0.565796	0.584148	0.557299	0.543964	0.702130	0.742797	0.610212	0.672977	0.791731	0.815411	0.777531	0.795537	0.705671	0.746906	0.668961	0.704069	0.617058	0.753692	0.678674	0.753015	0.620664	0.699684	0.732533	0.750307	0.811658	0.765476	0.754935	0.742665
A_SA_5_1	0.193944	0.348486	0.353185	0.345328	0.399126	0.446564	0.413854	0.408906	0.319032	0.369665	0.832090	0.285635	0.649853	0.760721	0.646226	0.249389	0.303773	0.531270	0.000000	0.897559	0.471422	0.376708	0.232216	0.323754	0.681024	0.564093	0.361124	0.718189	0.786360	0.677106	0.578816	0.738172	0.385871	0.451228	0.756942	0.415659	0.521215	0.473246	0.372824	0.904628	0.299697	0.359311	0.535513	0.777735	0.820883	0.422667	0.424121	0.494058
A_SA_5_2	0.896089	0.906383	0.919399	0.891797	0.913411	0.922007	0.912858	0.911162	0.910124	0.897296	0.915944	0.905338	0.919332	0.921416	0.909228	0.906472	0.900838	0.893954	0.897559	0.000000	0.908013	0.893815	0.898552	0.909446	0.904096	0.907957	0.904465	0.906359	0.900511	0.932262	0.917277	0.932000	0.898951	0.904432	0.907990	0.892032	0.908302	0.909081	0.900806	0.938078	0.912550	0.908317	0.907399	0.928483	0.923427	0.910547	0.904937	0.910574
A_SA_5_6	0.467376	0.661555	0.540057	0.669837	0.681763	0.696334	0.634309	0.709273	0.608063	0.299437	0.872234	0.606800	0.545331	0.784428	0.672187	0.389398	0.434588	0.565796	0.471422	0.908013	0.000000	0.563952	0.439437	0.330877	0.663355	0.671900	0.518568	0.692608	0.719199	0.699301	0.694208	0.710295	0.606709	0.710963	0.676761	0.646901	0.625199	0.722624	0.663104	0.846371	0.608573	0.639653	0.622412	0.746888	0.808981	0.702724	0.641796	0.645634
A_SA_6_1	0.414061	0.451204	0.421411	0.412077	0.433989	0.518243	0.434210	0.488862	0.450875	0.449968	0.789140	0.439677	0.779042	0.745566	0.715109	0.392056	0.405708	0.584148	0.376708	0.893815	0.563952	0.000000	0.376116	0.427993	0.567312	0.461228	0.388282	0.585729	0.681650	0.609177	0.488145	0.668944	0.429627	0.498086	0.675110	0.405018	0.544898	0.502293	0.426027	0.861172	0.444690	0.401676	0.462134	0.717251	0.782700	0.488740	0.423737	0.473095
A_SA_6_2	0.253650	0.408285	0.341877	0.402574	0.405108	0.448645	0.419271	0.468683	0.344200	0.322592	0.859660	0.361508	0.637941	0.764751	0.654585	0.186856	0.220175	0.557299	0.232216	0.898552	0.439437	0.376116	0.000000	0.323916	0.651726	0.538630	0.292122	0.694773	0.741879	0.651361	0.549865	0.708672	0.423294	0.465428	0.714425	0.419320	0.548675	0.457447	0.404737	0.878447	0.340073	0.382451	0.541751	0.786017	0.807614	0.462907	0.440698	0.433708
A_SA_6_3	0.340133	0.531250	0.522921	0.542595	0.556672	0.610937	0.534536	0.592285	0.470357	0.232076	0.836090	0.489306	0.581641	0.781963	0.711088	0.284674	0.386006	0.543964	0.323754	0.909446	0.330877	0.427993	0.323916	0.000000	0.547513	0.468165	0.369497	0.631465	0.681277	0.575518	0.558779	0.604500	0.483038	0.584216	0.692437	0.432529	0.543171	0.577299	0.517851	0.825325	0.474651	0.485911	0.497628	0.757357	0.818236	0.585304	0.528219	0.545865
D_AL_1_2	0.669692	0.692189	0.698152	0.666612	0.681098	0.723953	0.650033	0.690528	0.685443	0.588675	0.888532	0.681278	0.852156	0.777757	0.855724	0.668480	0.677358	0.702130	0.681024	0.904096	0.663355	0.567312	0.651726	0.547513	0.000000	0.447560	0.500034	0.493443	0.431891	0.556977	0.598068	0.346029	0.512819	0.643889	0.571833	0.406040	0.657484	0.638012	0.600176	0.779350	0.628513	0.579734	0.557570	0.762197	0.785703	0.667176	0.545407	0.530203
D_AL_1_3	0.537712	0.582250	0.585433	0.539368	0.566565	0.607731	0.535972	0.586616	0.577834	0.568367	0.885231	0.568708	0.868509	0.790349	0.868671	0.535614	0.563174	0.742797	0.564093	0.907957	0.671900	0.461228	0.538630	0.468165	0.447560	0.000000	0.428715	0.564136	0.589736	0.281657	0.225583	0.533216	0.430858	0.306519	0.589371	0.353543	0.405519	0.476200	0.454953	0.789786	0.533279	0.480861	0.313248	0.538196	0.526580	0.497970	0.413228	0.441090
D_AL_1_4	0.346552	0.485804	0.409384	0.469308	0.487660	0.567521	0.498455	0.542217	0.448822	0.367063	0.889157	0.427183	0.621143	0.787608	0.679430	0.300360	0.285991	0.610212	0.361124	0.904465	0.518568	0.388282	0.292122	0.369497	0.500034	0.428715	0.000000	0.568434	0.637594	0.560065	0.485010	0.619937	0.436990	0.504425	0.689279	0.408161	0.552183	0.514464	0.466877	0.819780	0.360914	0.381386	0.502516	0.775556	0.795210	0.513311	0.423043	0.468087
D_AL_2_2	0.705144	0.763436	0.752044	0.712869	0.761487	0.835019	0.755836	0.763488	0.759671	0.595326	0.813848	0.751813	0.771260	0.799540	0.738133	0.702409	0.729769	0.672977	0.718189	0.906359	0.692608	0.585729	0.694773	0.631465	0.493443	0.564136	0.568434	0.000000	0.486661	0.692567	0.643733	0.693937	0.610171	0.746412	0.464328	0.558328	0.665160	0.740347	0.654727	0.760067	0.658828	0.608549	0.591758	0.717255	0.758976	0.756307	0.630562	0.572450
D_AL_2_3	0.750265	0.812316	0.769830	0.763848	0.781677	0.857361	0.786878	0.832070	0.816100	0.677029	0.877526	0.807510	0.831145	0.858415	0.824041	0.727743	0.756593	0.791731	0.786360	0.900511	0.719199	0.681650	0.741879	0.681277	0.431891	0.589736	0.637594	0.486661	0.000000	0.680460	0.710863	0.610624	0.639569	0.775325	0.573393	0.542844	0.784540	0.792743	0.755060	0.806670	0.782925	0.735437	0.711945	0.794884	0.810357	0.780088	0.655657	0.670701
D_AL_3_1	0.673652	0.678240	0.673011	0.670866	0.658678	0.690257	0.633922	0.687353	0.677710	0.642227	0.938894	0.686109	0.913140	0.811457	0.908240	0.649543	0.663459	0.815411	0.677106	0.932262	0.699301	0.609177	0.651361	0.575518	0.556977	0.281657	0.560065	0.692567	0.680460	0.000000	0.233132	0.556854	0.557001	0.347804	0.634384	0.509402	0.319594	0.594788	0.585121	0.813736	0.644993	0.611723	0.422123	0.300993	0.558503	0.593063	0.529736	0.585021
D_AL_3_2	0.570599	0.595278	0.595368	0.558264	0.568759	0.594122	0.535236	0.594927	0.594717	0.610786	0.883703	0.581273	0.857926	0.770669	0.862604	0.549043	0.562987	0.777531	0.578816	0.917277	0.694208	0.488145	0.549865	0.558779	0.598068	0.225583	0.485010	0.643733	0.710863	0.233132	0.000000	0.626714	0.501960	0.263307	0.618203	0.456115	0.311251	0.504619	0.486951	0.822192	0.544369	0.516239	0.321195	0.432912	0.527740	0.513199	0.467690	0.484133
D_AL_3_3	0.722728	0.748972	0.738295	0.720349	0.723422	0.746873	0.695047	0.749840	0.728782	0.664669	0.952255	0.747853	0.937835	0.821692	0.935470	0.717038	0.731945	0.795537	0.738172	0.932000	0.710295	0.668944	0.708672	0.604500	0.346029	0.533216	0.619937	0.693937	0.610624	0.556854	0.626714	0.000000	0.586421	0.664858	0.684361	0.504981	0.702743	0.691285	0.659671	0.812846	0.715371	0.673437	0.610477	0.762362	0.780441	0.675371	0.568488	0.621351
D_CT_7_1	0.359126	0.326373	0.360290	0.303766	0.338306	0.387538	0.320396	0.358713	0.312436	0.565135	0.879331	0.324830	0.858261	0.792690	0.848251	0.452297	0.479150	0.705671	0.385871	0.898951	0.606709	0.429627	0.423294	0.483038	0.512819	0.430858	0.436990	0.610171	0.639569	0.557001	0.501960	0.586421	0.000000	0.351008	0.620717	0.259092	0.580846	0.425416	0.241791	0.814753	0.312781	0.312667	0.463540	0.724027	0.757751	0.278196	0.194870	0.308560
D_CT_7_2	0.437224	0.458293	0.457396	0.444711	0.458425	0.490613	0.463683	0.467465	0.447434	0.647428	0.890087	0.459966	0.889721	0.796232	0.881189	0.490577	0.505845	0.746906	0.451228	0.904432	0.710963	0.498086	0.465428	0.584216	0.643889	0.306519	0.504425	0.746412	0.775325	0.347804	0.263307	0.664858	0.351008	0.000000	0.653465	0.391317	0.331982	0.384963	0.333053	0.881227	0.440591	0.435883	0.413266	0.464633	0.523805	0.355299	0.380450	0.387953
D_CT_8_1	0.762812	0.793488	0.744684	0.767417	0.773293	0.764678	0.726538	0.794667	0.784097	0.690747	0.789556	0.806252	0.862963	0.805207	0.865023	0.724613	0.730318	0.668961	0.756942	0.907990	0.676761	0.675110	0.714425	0.692437	0.571833	0.589371	0.689279	0.464328	0.573393	0.634384	0.618203	0.684361	0.620717	0.653465	0.000000	0.578144	0.616544	0.654989	0.561912	0.856546	0.770170	0.734820	0.598094	0.601815	0.691174	0.659792	0.607267	0.468021
D_CT_8_2	0.416943	0.452754	0.449169	0.410683	0.433852	0.484592	0.407964	0.451565	0.448094	0.549280	0.841182	0.448738	0.831425	0.764834	0.830782	0.457978	0.485310	0.704069	0.415659	0.892032	0.646901	0.405018	0.419320	0.432529	0.406040	0.353543	0.408161	0.558328	0.542844	0.509402	0.456115	0.504981	0.259092	0.391317	0.578144	0.000000	0.570378	0.415615	0.316709	0.788698	0.402413	0.360291	0.436143	0.718916	0.770428	0.404187	0.270689	0.341050
D_CT_8_3	0.567511	0.597862	0.590140	0.590701	0.636752	0.695460	0.661534	0.651487	0.588405	0.532958	0.826856	0.565391	0.754210	0.763691	0.730410	0.567199	0.560595	0.617058	0.521215	0.908302	0.625199	0.544898	0.548675	0.543171	0.657484	0.405519	0.552183	0.665160	0.784540	0.319594	0.311251	0.702743	0.580846	0.331982	0.616544	0.570378	0.000000	0.569318	0.529547	0.887301	0.546516	0.588468	0.466018	0.368919	0.552756	0.585425	0.619557	0.619002
D_CT_9_1	0.467110	0.480119	0.482789	0.473741	0.481484	0.504893	0.484080	0.482175	0.479533	0.652075	0.888008	0.487916	0.868123	0.790201	0.872638	0.489238	0.503119	0.753692	0.473246	0.909081	0.722624	0.502293	0.457447	0.577299	0.638012	0.476200	0.514464	0.740347	0.792743	0.594788	0.504619	0.691285	0.425416	0.384963	0.654989	0.415615	0.569318	0.000000	0.356525	0.892191	0.459745	0.454510	0.470580	0.727831	0.712797	0.398427	0.424639	0.393233
D_CT_9_2	0.368968	0.307328	0.354559	0.288507	0.296935	0.328747	0.288557	0.300810	0.302381	0.580932	0.823105	0.311974	0.822859	0.756968	0.823485	0.451610	0.463837	0.678674	0.372824	0.900806	0.663104	0.426027	0.404737	0.517851	0.600176	0.454953	0.466877	0.654727	0.755060	0.585121	0.486951	0.659671	0.241791	0.333053	0.561912	0.316709	0.529547	0.356525	0.000000	0.857911	0.266998	0.319465	0.454792	0.666833	0.718606	0.195433	0.207233	0.334904
D_SA_4_1	0.916067	0.918482	0.912188	0.913737	0.897108	0.906833	0.849048	0.861927	0.903658	0.852458	0.921575	0.906789	0.911739	0.883371	0.554809	0.883279	0.896776	0.753015	0.904628	0.938078	0.846371	0.861172	0.878447	0.825325	0.779350	0.789786	0.819780	0.760067	0.806670	0.813736	0.822192	0.812846	0.814753	0.881227	0.856546	0.788698	0.887301	0.892191	0.857911	0.000000	0.795015	0.651369	0.799927	0.852640	0.893080	0.883802	0.818894	0.849861
D_SA_4_2	0.281366	0.254699	0.323944	0.255808	0.286303	0.334515	0.300548	0.271446	0.232359	0.539377	0.884770	0.193071	0.714754	0.755582	0.665821	0.357911	0.372951	0.620664	0.299697	0.912550	0.608573	0.444690	0.340073	0.474651	0.628513	0.533279	0.360914	0.658828	0.782925	0.644993	0.544369	0.715371	0.312781	0.440591	0.770170	0.402413	0.546516	0.459745	0.266998	0.795015	0.000000	0.212218	0.552990	0.808438	0.804719	0.303847	0.318336	0.465568
D_SA_4_4	0.339314	0.330065	0.327005	0.321425	0.346042	0.408614	0.339054	0.346445	0.331974	0.540070	0.887123	0.329903	0.794974	0.767066	0.635600	0.397857	0.429868	0.699684	0.359311	0.908317	0.639653	0.401676	0.382451	0.485911	0.579734	0.480861	0.381386	0.608549	0.735437	0.611723	0.516239	0.673437	0.312667	0.435883	0.734820	0.360291	0.588468	0.454510	0.319465	0.651369	0.212218	0.000000	0.514662	0.789151	0.800589	0.369231	0.320337	0.428384
D_SA_5_1	0.593091	0.591134	0.574870	0.577698	0.575845	0.605876	0.533848	0.570516	0.576282	0.588186	0.869340	0.572013	0.857513	0.771227	0.839624	0.561117	0.576078	0.732533	0.535513	0.907399	0.622412	0.462134	0.541751	0.497628	0.557570	0.313248	0.502516	0.591758	0.711945	0.422123	0.321195	0.610477	0.463540	0.413266	0.598094	0.436143	0.466018	0.470580	0.454792	0.799927	0.552990	0.514662	0.000000	0.561325	0.644304	0.497739	0.459636	0.421064
D_SA_5_2	0.836259	0.837479	0.816028	0.825399	0.823943	0.843525	0.799883	0.813267	0.818177	0.752363	0.865924	0.819792	0.895553	0.818702	0.863372	0.809186	0.816497	0.750307	0.777735	0.928483	0.746888	0.717251	0.786017	0.757357	0.762197	0.538196	0.775556	0.717255	0.794884	0.300993	0.432912	0.762362	0.724027	0.464633	0.601815	0.718916	0.368919	0.727831	0.666833	0.852640	0.808438	0.789151	0.561325	0.000000	0.546770	0.705963	0.726764	0.714965
D_SA_5_3	0.796994	0.825367	0.826296	0.807874	0.826131	0.828637	0.823364	0.827551	0.819304	0.802773	0.922876	0.821536	0.924916	0.834653	0.921620	0.800014	0.815661	0.811658	0.820883	0.923427	0.808981	0.782700	0.807614	0.818236	0.785703	0.526580	0.795210	0.758976	0.810357	0.558503	0.527740	0.780441	0.757751	0.523805	0.691174	0.770428	0.552756	0.712797	0.718606	0.893080	0.804719	0.800589	0.644304	0.546770	0.000000	0.719398	0.751849	0.736548
D_SA_6_1	0.403006	0.206381	0.378678	0.230366	0.194948	0.225468	0.231073	0.206780	0.199944	0.646793	0.893938	0.259847	0.888853	0.801651	0.879240	0.480218	0.498852	0.765476	0.422667	0.910547	0.702724	0.488740	0.462907	0.585304	0.667176	0.497970	0.513311	0.756307	0.780088	0.593063	0.513199	0.675371	0.278196	0.355299	0.659792	0.404187	0.585425	0.398427	0.195433	0.883802	0.303847	0.369231	0.497739	0.705963	0.719398	0.000000	0.246704	0.393784
D_SA_6_2	0.372129	0.349770	0.373522	0.306483	0.325551	0.376296	0.310155	0.357365	0.346802	0.575640	0.896064	0.354438	0.869784	0.798125	0.870129	0.459282	0.493070	0.754935	0.424121	0.904937	0.641796	0.423737	0.440698	0.528219	0.545407	0.413228	0.423043	0.630562	0.655657	0.529736	0.467690	0.568488	0.194870	0.380450	0.607267	0.270689	0.619557	0.424639	0.207233	0.818894	0.318336	0.320337	0.459636	0.726764	0.751849	0.246704	0.000000	0.350279
D_SA_6_3	0.463868	0.495480	0.458232	0.472985	0.474367	0.489313	0.429658	0.502742	0.477149	0.617898	0.904407	0.501194	0.884499	0.805788	0.891425	0.449948	0.477202	0.742665	0.494058	0.910574	0.645634	0.473095	0.433708	0.545865	0.530203	0.441090	0.468087	0.572450	0.670701	0.585021	0.484133	0.621351	0.308560	0.387953	0.468021	0.341050	0.619002	0.393233	0.334904	0.849861	0.465568	0.428384	0.421064	0.714965	0.736548	0.393784	0.350279	0.000000
