97
BP1_1_ABR	0.000000	0.949400	0.369300	0.946100	0.939300	0.440100	0.966200	0.964600	0.924000	0.949500	0.923800	0.860500	0.922900	0.968600	0.914700	0.542000	0.085600	0.925600	0.881900	0.060400	0.944200	0.930200	0.939300	0.903900	0.917400	0.097100	0.096100	0.896400	0.962600	0.288000	0.967900	0.858900	0.940500	0.811000	0.488600	0.864400	0.907300	0.291100	0.905600	0.101800	0.863200	0.961900	0.096500	0.926100	0.904300	0.973500	0.772400	0.947200	0.911200	0.893300	0.927400	0.957300	0.943800	0.911700	0.901200	0.096600	0.934700	0.924100	0.926800	0.953400	0.946300	0.940000	0.804900	0.963300	0.903900	0.940300	0.859100	0.957300	0.952100	0.929500	0.921700	0.935300	0.934200	0.932700	0.915700	0.939800	0.936200	0.954900	0.948500	0.951000	0.925100	0.928200	0.935800	0.946900	0.936900	0.947000	0.956700	0.888300	0.773900	0.948600	0.891400	0.923700	0.949600	0.880300	0.889500	0.872800	0.948300
BP1_1_FEV	0.949400	0.000000	0.875200	0.484500	0.173000	0.897800	0.787100	0.794900	0.373900	0.823700	0.260700	0.629600	0.626400	0.873300	0.378600	0.882300	0.935600	0.547100	0.697600	0.940400	0.388700	0.639500	0.638500	0.331800	0.407700	0.899500	0.965300	0.396700	0.507100	0.897000	0.814400	0.478900	0.773900	0.530800	0.779800	0.483600	0.381500	0.910700	0.438300	0.936200	0.791400	0.712100	0.943700	0.275800	0.457900	0.366400	0.931000	0.335000	0.348100	0.162100	0.448300	0.677000	0.224800	0.253400	0.441900	0.950200	0.363900	0.738200	0.305500	0.850500	0.318200	0.225400	0.548100	0.417300	0.445500	0.275800	0.494500	0.877000	0.199100	0.351600	0.780300	0.819400	0.784900	0.432200	0.895900	0.643800	0.115200	0.776900	0.242600	0.738600	0.742900	0.251400	0.808000	0.924000	0.221400	0.852700	0.495600	0.293100	0.763800	0.328800	0.248400	0.582100	0.333500	0.318100	0.762100	0.925900	0.218700
BP1_1_JAN	0.369300	0.875200	0.000000	0.776200	0.818200	0.266000	0.791400	0.771400	0.785300	0.707300	0.830400	0.708700	0.719700	0.833400	0.659300	0.409600	0.329700	0.704600	0.710900	0.361200	0.780300	0.692900	0.764100	0.829900	0.854800	0.306600	0.373600	0.832700	0.882200	0.273200	0.790900	0.820900	0.772200	0.627800	0.312200	0.806600	0.871600	0.256200	0.861100	0.354700	0.610500	0.772300	0.329000	0.728500	0.786600	0.942700	0.660300	0.748100	0.869100	0.912100	0.798400	0.737300	0.746200	0.900100	0.842100	0.333700	0.771900	0.937100	0.849000	0.759500	0.750600	0.893600	0.656600	0.824400	0.718900	0.899600	0.666400	0.768300	0.790100	0.835000	0.727400	0.719300	0.763000	0.855000	0.709200	0.705900	0.881100	0.716500	0.862700	0.714700	0.705500	0.870800	0.672000	0.928300	0.940100	0.886800	0.696400	0.917800	0.663900	0.724500	0.732400	0.791500	0.793400	0.809100	0.942700	0.819300	0.755200
BP1_1_MAR	0.946100	0.484500	0.776200	0.000000	0.415800	0.604400	0.638600	0.380600	0.395500	0.366900	0.400600	0.500500	0.214700	0.744700	0.253400	0.746600	0.944300	0.254900	0.381200	0.935100	0.266800	0.225400	0.207400	0.399400	0.511700	0.917400	0.967300	0.373900	0.706700	0.867000	0.417900	0.381700	0.662500	0.259100	0.695500	0.420300	0.430300	0.926900	0.415000	0.936200	0.716100	0.244000	0.944900	0.423200	0.344700	0.594200	0.511100	0.312800	0.404600	0.538600	0.375500	0.231700	0.495500	0.484300	0.405300	0.951700	0.388300	0.753400	0.406200	0.442600	0.413600	0.499400	0.515400	0.483600	0.439600	0.508600	0.246500	0.464600	0.521600	0.401100	0.389700	0.350400	0.828400	0.494600	0.890600	0.677900	0.473900	0.336100	0.413300	0.506100	0.781000	0.427200	0.797500	0.923100	0.564600	0.863400	0.546800	0.543700	0.735800	0.513200	0.506300	0.609200	0.566500	0.561800	0.766400	0.927600	0.493300
BP1_2_FEV	0.939300	0.173000	0.818200	0.415800	0.000000	0.888500	0.784000	0.785500	0.338000	0.699600	0.161300	0.607000	0.518800	0.943700	0.250600	0.859000	0.925200	0.415700	0.621500	0.929600	0.375900	0.559500	0.551900	0.244800	0.461300	0.877900	0.965500	0.304600	0.563900	0.887500	0.807000	0.389000	0.794900	0.489700	0.827000	0.359700	0.362800	0.834000	0.340400	0.930300	0.712600	0.629500	0.936400	0.205600	0.356000	0.455900	0.911200	0.299800	0.309300	0.242700	0.347100	0.583300	0.252700	0.327600	0.342300	0.940800	0.224100	0.726600	0.228100	0.842200	0.190100	0.305100	0.440900	0.329400	0.308900	0.360300	0.405300	0.865200	0.242000	0.337800	0.795500	0.709100	0.765400	0.322200	0.818800	0.583600	0.180800	0.675200	0.238600	0.664400	0.668600	0.205300	0.837200	0.915400	0.374000	0.842600	0.427600	0.377100	0.693700	0.270500	0.260000	0.508200	0.380900	0.380400	0.748400	0.913400	0.258500
BP1_2_JAN	0.440100	0.897800	0.266000	0.604400	0.888500	0.000000	0.747000	0.613700	0.820600	0.588300	0.852000	0.625500	0.600200	0.738700	0.653600	0.382000	0.439500	0.612600	0.557800	0.432400	0.737800	0.573400	0.590600	0.823600	0.872000	0.411000	0.453200	0.818000	0.908900	0.353700	0.620000	0.764300	0.737600	0.504200	0.290200	0.809400	0.828500	0.404800	0.847100	0.426900	0.731500	0.596500	0.422500	0.859800	0.765500	0.938600	0.477600	0.728800	0.825100	0.909100	0.819500	0.592000	0.895000	0.903200	0.844300	0.430800	0.844900	0.903100	0.852100	0.588300	0.876400	0.886400	0.708500	0.857400	0.890400	0.896000	0.590700	0.598000	0.880600	0.881300	0.557300	0.585800	0.909200	0.904900	0.878200	0.885100	0.905500	0.584900	0.890900	0.662200	0.866900	0.908300	0.788100	0.931600	0.935500	0.909800	0.876400	0.911200	0.661500	0.889600	0.899700	0.873600	0.926000	0.858200	0.935100	0.777500	0.885600
BP1_2_MAR	0.966200	0.787100	0.791400	0.638600	0.784000	0.747000	0.000000	0.707800	0.564900	0.611000	0.760800	0.787700	0.642000	0.178200	0.614300	0.805200	0.960200	0.613000	0.664400	0.954800	0.542200	0.674200	0.615400	0.763800	0.567700	0.944600	0.971300	0.725700	0.423700	0.890400	0.736000	0.731500	0.071800	0.680700	0.515700	0.765800	0.668300	0.958300	0.771300	0.954800	0.780300	0.612800	0.953400	0.808900	0.704200	0.950000	0.783300	0.697400	0.706100	0.915300	0.725400	0.613800	0.880700	0.860700	0.764200	0.963100	0.747800	0.937900	0.765500	0.715400	0.772600	0.879000	0.750100	0.742400	0.784400	0.882200	0.610100	0.750600	0.899800	0.538100	0.558300	0.612200	0.898100	0.779500	0.924300	0.855700	0.855000	0.610200	0.772200	0.575900	0.900200	0.725700	0.280200	0.956900	0.870200	0.936400	0.879500	0.918700	0.809000	0.868900	0.891700	0.877100	0.949400	0.943200	0.950500	0.946000	0.877400
BP1_3_ABR	0.964600	0.794900	0.771400	0.380600	0.785500	0.613700	0.707800	0.000000	0.742500	0.359900	0.769300	0.708500	0.419100	0.740900	0.600000	0.762500	0.947300	0.530000	0.493700	0.955300	0.640600	0.250100	0.415300	0.771100	0.818200	0.927400	0.964500	0.745000	0.839800	0.882200	0.051500	0.752800	0.724600	0.533600	0.733500	0.768300	0.785900	0.944100	0.785400	0.953900	0.736100	0.253900	0.938500	0.782300	0.713900	0.878400	0.415500	0.626400	0.780900	0.848400	0.730100	0.274100	0.801300	0.805200	0.773300	0.949000	0.754100	0.871400	0.770900	0.086800	0.777700	0.811100	0.754000	0.753100	0.790100	0.819200	0.567900	0.105800	0.814400	0.769700	0.264100	0.387500	0.849300	0.794400	0.902700	0.783800	0.798000	0.392400	0.787300	0.577200	0.814700	0.801100	0.806000	0.946700	0.875400	0.873300	0.795600	0.853200	0.781800	0.793600	0.812100	0.789200	0.866900	0.855500	0.881600	0.928500	0.794400
BP1_3_FEV	0.924000	0.373900	0.785300	0.395500	0.338000	0.820600	0.564900	0.742500	0.000000	0.618500	0.254100	0.494500	0.485500	0.730800	0.284600	0.758600	0.926500	0.324200	0.527600	0.915000	0.247400	0.532700	0.458500	0.359200	0.322800	0.877600	0.960500	0.326700	0.482900	0.850800	0.763400	0.304600	0.573800	0.393700	0.591400	0.341200	0.201100	0.822000	0.268700	0.918300	0.643900	0.523300	0.905700	0.345800	0.281200	0.600400	0.807100	0.419100	0.258700	0.512800	0.247600	0.479000	0.443400	0.480700	0.256500	0.890300	0.242900	0.710300	0.306600	0.783700	0.283100	0.465100	0.320900	0.320000	0.249500	0.503500	0.306400	0.805100	0.442900	0.207400	0.600900	0.565700	0.705800	0.374200	0.786600	0.581500	0.443500	0.556400	0.384700	0.505500	0.642600	0.298400	0.600700	0.864400	0.468600	0.789700	0.433100	0.524300	0.616100	0.392500	0.451500	0.482400	0.563000	0.492900	0.745600	0.852500	0.442000
BP1_3_MAR	0.949500	0.823700	0.707300	0.366900	0.699600	0.588300	0.611000	0.359900	0.618500	0.000000	0.611600	0.753900	0.317800	0.736600	0.507300	0.765500	0.904500	0.311900	0.451100	0.940500	0.470100	0.265700	0.242200	0.713000	0.844600	0.870900	0.958500	0.676400	0.864900	0.843500	0.403600	0.582900	0.661100	0.544100	0.680000	0.680800	0.698100	0.833100	0.688800	0.933200	0.655200	0.202800	0.920400	0.721900	0.612700	0.936800	0.432100	0.601200	0.632600	0.901500	0.668500	0.199800	0.787400	0.846800	0.684000	0.928900	0.628700	0.925400	0.584700	0.360300	0.657800	0.859400	0.556500	0.577000	0.663900	0.872000	0.423000	0.393600	0.821800	0.723000	0.297200	0.126200	0.855200	0.689900	0.809700	0.759500	0.821900	0.142800	0.735100	0.349400	0.787100	0.726100	0.736200	0.930600	0.928500	0.872300	0.772000	0.905700	0.726400	0.795500	0.822300	0.729100	0.882400	0.847400	0.925700	0.906200	0.804700
BP1_4_FEV	0.923800	0.260700	0.830400	0.400600	0.161300	0.852000	0.760800	0.769300	0.254100	0.611600	0.000000	0.552700	0.524600	0.925900	0.255800	0.818300	0.927400	0.315600	0.593200	0.921000	0.260000	0.571700	0.434900	0.251100	0.426900	0.883400	0.961700	0.238300	0.585400	0.868900	0.792300	0.244000	0.768800	0.458200	0.795900	0.340600	0.285400	0.851500	0.239100	0.925400	0.723100	0.529600	0.913400	0.253800	0.272200	0.484400	0.869100	0.342700	0.166400	0.317000	0.287300	0.518200	0.338200	0.356000	0.249300	0.922800	0.173600	0.701800	0.128600	0.815500	0.204000	0.329900	0.340200	0.245100	0.272000	0.388500	0.294200	0.835800	0.300900	0.325900	0.758500	0.586200	0.779500	0.301500	0.835700	0.617200	0.249300	0.551100	0.269700	0.552300	0.690600	0.221000	0.838500	0.900100	0.404700	0.822200	0.460900	0.401400	0.655900	0.360000	0.330700	0.523200	0.449700	0.420300	0.738800	0.882200	0.325900
BP1_4_JAN	0.860500	0.629600	0.708700	0.500500	0.607000	0.625500	0.787700	0.708500	0.494500	0.753900	0.552700	0.000000	0.540200	0.818800	0.449100	0.412600	0.887500	0.460700	0.507200	0.860500	0.499300	0.561100	0.543000	0.540300	0.574300	0.850900	0.901700	0.522400	0.707300	0.800600	0.721400	0.457300	0.744900	0.313400	0.685800	0.500800	0.520600	0.792600	0.346200	0.867400	0.469100	0.627300	0.853200	0.536600	0.457200	0.676900	0.493000	0.497400	0.517100	0.617100	0.283700	0.605900	0.617800	0.613300	0.339500	0.825600	0.457400	0.706000	0.560600	0.748400	0.549700	0.608600	0.422100	0.560900	0.495300	0.618300	0.434900	0.735000	0.588100	0.590100	0.675300	0.637200	0.548100	0.614500	0.795300	0.687600	0.620900	0.701000	0.618600	0.663300	0.710800	0.614000	0.728800	0.651300	0.651300	0.588100	0.585500	0.619300	0.523600	0.497800	0.605500	0.438400	0.654200	0.541500	0.746300	0.518400	0.609200
BP1_4_MAR	0.922900	0.626400	0.719700	0.214700	0.518800	0.600200	0.642000	0.419100	0.485500	0.317800	0.524600	0.540200	0.000000	0.741200	0.354100	0.721100	0.891700	0.272000	0.238300	0.919200	0.426000	0.226100	0.225800	0.530200	0.639700	0.886500	0.963500	0.514200	0.681300	0.862300	0.465600	0.522300	0.655800	0.344300	0.689200	0.481200	0.549700	0.824400	0.555400	0.931200	0.597900	0.297800	0.932700	0.509200	0.458900	0.750100	0.538700	0.391900	0.539800	0.676500	0.493000	0.261600	0.586600	0.623100	0.537600	0.942400	0.500900	0.733400	0.533300	0.488600	0.531400	0.648600	0.478700	0.555300	0.522400	0.657600	0.346000	0.508600	0.634800	0.508600	0.432200	0.354600	0.756300	0.508900	0.722400	0.565700	0.602000	0.344600	0.554700	0.454000	0.644700	0.542200	0.688900	0.921800	0.709200	0.836600	0.595000	0.681500	0.670900	0.611600	0.597800	0.438400	0.685300	0.660700	0.746900	0.916200	0.613100
BP1_5_ABR	0.968600	0.873300	0.833400	0.744700	0.943700	0.738700	0.178200	0.740900	0.730800	0.736600	0.925900	0.818800	0.741200	0.000000	0.754000	0.809100	0.967100	0.737900	0.738000	0.963800	0.712600	0.738300	0.741400	0.928100	0.610600	0.949400	0.964500	0.895500	0.433700	0.908700	0.746200	0.900900	0.165100	0.739100	0.612100	0.933000	0.836600	0.958700	0.939000	0.957900	0.853400	0.740400	0.948000	0.938300	0.876000	0.947800	0.744900	0.782800	0.881800	0.961100	0.892900	0.741900	0.949600	0.955100	0.931800	0.956200	0.916300	0.956700	0.932900	0.737900	0.941000	0.950900	0.915900	0.911200	0.952300	0.950700	0.736800	0.740100	0.945000	0.686800	0.647400	0.736800	0.912400	0.955700	0.927700	0.937100	0.958500	0.736400	0.943400	0.702100	0.944300	0.902200	0.293200	0.962800	0.888800	0.940700	0.936500	0.951600	0.917300	0.951100	0.952200	0.943300	0.955900	0.947600	0.960500	0.948700	0.953300
BP1_5_FEV	0.914700	0.378600	0.659300	0.253400	0.250600	0.653600	0.614300	0.600000	0.284600	0.507300	0.255800	0.449100	0.354100	0.754000	0.000000	0.697100	0.889700	0.224900	0.429400	0.905700	0.259800	0.365400	0.351000	0.362100	0.507200	0.847700	0.925200	0.358800	0.579300	0.815900	0.620600	0.348400	0.652500	0.271900	0.641000	0.346100	0.369600	0.813300	0.370800	0.900600	0.602600	0.427700	0.884300	0.359800	0.318400	0.594100	0.688800	0.297000	0.379900	0.457400	0.303300	0.381400	0.416300	0.492800	0.351800	0.892000	0.308600	0.741400	0.371900	0.641300	0.330700	0.463100	0.371800	0.327100	0.313300	0.518100	0.182200	0.668200	0.382500	0.385900	0.556800	0.517600	0.771400	0.347700	0.798100	0.594500	0.387500	0.469000	0.384700	0.462600	0.682500	0.355000	0.715800	0.913300	0.535200	0.835800	0.424500	0.536700	0.637300	0.334200	0.428900	0.515800	0.532400	0.479300	0.767200	0.862500	0.410700
BP1_5_JAN	0.542000	0.882300	0.409600	0.746600	0.859000	0.382000	0.805200	0.762500	0.758600	0.765500	0.818300	0.412600	0.721100	0.809100	0.697100	0.000000	0.558200	0.706600	0.628600	0.538000	0.745900	0.713000	0.740800	0.825300	0.830500	0.518700	0.579500	0.806300	0.869200	0.491000	0.775500	0.792700	0.764500	0.498500	0.385400	0.829800	0.849100	0.477100	0.651600	0.541800	0.505000	0.755900	0.524300	0.809000	0.784600	0.906100	0.419000	0.745400	0.846200	0.877400	0.598900	0.727800	0.869400	0.873600	0.625500	0.496500	0.709200	0.876700	0.838400	0.765800	0.802100	0.876900	0.565100	0.812800	0.751900	0.880900	0.650900	0.744700	0.843100	0.840100	0.695500	0.649800	0.662600	0.865800	0.786900	0.833700	0.874400	0.719500	0.871600	0.701500	0.806600	0.869700	0.728200	0.720000	0.879500	0.672000	0.836300	0.870600	0.558500	0.749800	0.860700	0.674200	0.876300	0.763700	0.873000	0.633400	0.861800
BP1_5_MAR	0.085600	0.935600	0.329700	0.944300	0.925200	0.439500	0.960200	0.947300	0.926500	0.904500	0.927400	0.887500	0.891700	0.967100	0.889700	0.558200	0.000000	0.908800	0.887400	0.092600	0.949600	0.908600	0.932800	0.904800	0.934500	0.078700	0.076100	0.939000	0.926200	0.277000	0.960600	0.924000	0.957700	0.814300	0.495700	0.895300	0.941200	0.301600	0.944300	0.125100	0.883000	0.955000	0.062400	0.928100	0.925200	0.969700	0.803600	0.930900	0.940100	0.954700	0.930400	0.933700	0.926900	0.955800	0.937500	0.078200	0.924100	0.956500	0.934000	0.944200	0.922200	0.949400	0.765400	0.946900	0.924200	0.954600	0.846900	0.941800	0.917400	0.924400	0.914200	0.906700	0.903500	0.901200	0.876000	0.897000	0.934300	0.913400	0.931100	0.906600	0.892700	0.929300	0.886100	0.954000	0.955300	0.922200	0.916600	0.955000	0.779500	0.926100	0.925300	0.890800	0.924800	0.845400	0.952100	0.851700	0.922500
BP4_1_FEV	0.925600	0.547100	0.704600	0.254900	0.415700	0.612600	0.613000	0.530000	0.324200	0.311900	0.315600	0.460700	0.272000	0.737900	0.224900	0.706600	0.908800	0.000000	0.346000	0.916000	0.201200	0.299900	0.152800	0.426100	0.565200	0.856800	0.950600	0.395100	0.670500	0.838400	0.568200	0.304300	0.640300	0.252000	0.660900	0.407300	0.411400	0.828800	0.395500	0.915500	0.622300	0.291500	0.907800	0.430500	0.335100	0.671500	0.635800	0.352800	0.346000	0.615200	0.383600	0.293000	0.521500	0.556200	0.391700	0.915800	0.339800	0.735400	0.313000	0.575800	0.370100	0.571500	0.339600	0.311600	0.375100	0.583900	0.142900	0.601200	0.540800	0.450800	0.515400	0.312400	0.777400	0.423900	0.801700	0.601000	0.543100	0.288800	0.455400	0.311500	0.694600	0.452400	0.731100	0.905400	0.643100	0.825700	0.514800	0.621400	0.657300	0.520100	0.536400	0.524100	0.619700	0.579200	0.751900	0.884600	0.517000
BP4_1_JAN	0.881900	0.697600	0.710900	0.381200	0.621500	0.557800	0.664400	0.493700	0.527600	0.451100	0.593200	0.507200	0.238300	0.738000	0.429400	0.628600	0.887400	0.346000	0.000000	0.903000	0.494700	0.340800	0.370900	0.590100	0.670700	0.848800	0.944500	0.568400	0.746100	0.832900	0.542000	0.564000	0.640200	0.329200	0.641300	0.556500	0.609300	0.778800	0.551800	0.909000	0.556500	0.389200	0.885400	0.560800	0.527700	0.804100	0.535300	0.503000	0.608600	0.719100	0.506900	0.341300	0.678900	0.671400	0.520300	0.864200	0.542000	0.755700	0.605600	0.549700	0.578100	0.707200	0.519200	0.594200	0.549400	0.720200	0.414600	0.561500	0.684500	0.612500	0.448500	0.411400	0.724100	0.624300	0.579800	0.586900	0.674600	0.430400	0.655900	0.454600	0.604900	0.646900	0.648900	0.859100	0.778000	0.759100	0.647600	0.723500	0.598300	0.640100	0.668200	0.397200	0.768600	0.660800	0.745200	0.829300	0.681000
BP4_1_MAR	0.060400	0.940400	0.361200	0.935100	0.929600	0.432400	0.954800	0.955300	0.915000	0.940500	0.921000	0.860500	0.919200	0.963800	0.905700	0.538000	0.092600	0.916000	0.903000	0.000000	0.935300	0.920300	0.930200	0.844100	0.903800	0.088100	0.106000	0.853600	0.953800	0.280300	0.957300	0.859400	0.934800	0.801300	0.485100	0.866600	0.923000	0.306900	0.923800	0.048800	0.870700	0.953100	0.098800	0.925500	0.922300	0.964900	0.771900	0.937500	0.923400	0.928200	0.923400	0.948700	0.934500	0.926100	0.924300	0.104100	0.924600	0.925100	0.923900	0.944100	0.936200	0.929900	0.795800	0.953700	0.925900	0.928900	0.850000	0.947800	0.942000	0.923100	0.917200	0.926500	0.925100	0.926000	0.906000	0.930500	0.926100	0.945900	0.936400	0.942200	0.893600	0.928200	0.929500	0.939200	0.925800	0.938000	0.947500	0.924400	0.784900	0.939600	0.925800	0.920500	0.942000	0.868100	0.926300	0.862800	0.940000
BP4_2_ABR	0.944200	0.388700	0.780300	0.266800	0.375900	0.737800	0.542200	0.640600	0.247400	0.470100	0.260000	0.499300	0.426000	0.712600	0.259800	0.745900	0.949600	0.201200	0.494700	0.935300	0.000000	0.481600	0.272700	0.349500	0.396400	0.905500	0.967300	0.298300	0.610700	0.868400	0.674500	0.223100	0.578000	0.354100	0.610600	0.400500	0.284100	0.913400	0.316300	0.932000	0.715700	0.401900	0.944000	0.399700	0.273600	0.568800	0.764000	0.300900	0.204400	0.517300	0.341200	0.426500	0.473200	0.460800	0.334500	0.953700	0.294000	0.750000	0.240700	0.698600	0.329100	0.474700	0.411400	0.337300	0.368400	0.485100	0.188300	0.722600	0.499800	0.307700	0.568200	0.464200	0.794400	0.443000	0.891300	0.667200	0.455200	0.446700	0.374100	0.388300	0.778200	0.321600	0.721800	0.918700	0.475700	0.849100	0.544300	0.521200	0.732800	0.510300	0.490500	0.598600	0.549100	0.530200	0.762400	0.927200	0.471000
BP4_2_FEV	0.930200	0.639500	0.692900	0.225400	0.559500	0.573400	0.674200	0.250100	0.532700	0.265700	0.571700	0.561100	0.226100	0.738300	0.365400	0.713000	0.908600	0.299900	0.340800	0.920300	0.481600	0.000000	0.257500	0.581300	0.671600	0.862400	0.949600	0.581400	0.701600	0.837800	0.285000	0.588500	0.661100	0.351900	0.662600	0.560800	0.611700	0.834000	0.606300	0.916400	0.626200	0.142300	0.909800	0.553400	0.538700	0.768400	0.369900	0.459000	0.608900	0.712800	0.551000	0.132500	0.608700	0.654300	0.589500	0.915800	0.532600	0.740600	0.595900	0.296700	0.554000	0.670900	0.553700	0.587400	0.562000	0.683300	0.382300	0.322200	0.625500	0.582200	0.265700	0.301100	0.770300	0.604700	0.800000	0.597800	0.640900	0.300500	0.605400	0.488600	0.693500	0.615700	0.717800	0.909000	0.741000	0.831500	0.604300	0.719400	0.661800	0.599500	0.624000	0.592300	0.699800	0.669500	0.758200	0.886700	0.600400
BP4_2_JAN	0.939300	0.638500	0.764100	0.207400	0.551900	0.590600	0.615400	0.415300	0.458500	0.242200	0.434900	0.543000	0.225800	0.741400	0.351000	0.740800	0.932800	0.152800	0.370900	0.930200	0.272700	0.257500	0.000000	0.520500	0.660600	0.902000	0.950600	0.466000	0.700700	0.856900	0.454700	0.358700	0.668800	0.344400	0.677800	0.524900	0.507200	0.917600	0.494400	0.929300	0.712100	0.190200	0.930000	0.577600	0.438100	0.738500	0.542600	0.468900	0.436500	0.695000	0.488900	0.211200	0.651000	0.640800	0.498500	0.938300	0.468700	0.761800	0.399000	0.483300	0.502500	0.655400	0.428100	0.372700	0.511700	0.666000	0.230500	0.505300	0.666300	0.562000	0.415100	0.251600	0.839400	0.531400	0.884900	0.687600	0.630900	0.199400	0.549000	0.328600	0.787300	0.556400	0.793300	0.934900	0.723300	0.864400	0.650900	0.700400	0.729600	0.639200	0.665900	0.638800	0.719500	0.693800	0.777400	0.910300	0.642100
BP4_2_MAR	0.903900	0.331800	0.829900	0.399400	0.244800	0.823600	0.763800	0.771100	0.359200	0.713000	0.251100	0.540300	0.530200	0.928100	0.362100	0.825300	0.904800	0.426100	0.590100	0.844100	0.349500	0.581300	0.520500	0.000000	0.422400	0.869700	0.946700	0.106900	0.668600	0.858600	0.803200	0.280600	0.784000	0.456000	0.790000	0.289000	0.365200	0.855300	0.328900	0.824100	0.724500	0.615200	0.918700	0.242900	0.314500	0.449600	0.871200	0.316200	0.275000	0.381000	0.358500	0.600600	0.335100	0.329100	0.350200	0.927400	0.256400	0.710900	0.203400	0.827600	0.237700	0.333400	0.460800	0.473000	0.390900	0.350500	0.389300	0.853500	0.354900	0.338700	0.756400	0.705800	0.806900	0.447900	0.848300	0.653700	0.304800	0.686400	0.231800	0.671000	0.702600	0.257700	0.851000	0.924700	0.410600	0.839300	0.526800	0.389300	0.651800	0.487300	0.336900	0.559500	0.413900	0.348100	0.753300	0.868100	0.329500
BP4_3_ABR	0.917400	0.407700	0.854800	0.511700	0.461300	0.872000	0.567700	0.818200	0.322800	0.844600	0.426900	0.574300	0.639700	0.610600	0.507200	0.830500	0.934500	0.565200	0.670700	0.903800	0.396400	0.671600	0.660600	0.422400	0.000000	0.877700	0.965500	0.437000	0.335000	0.882600	0.831500	0.465500	0.528300	0.525900	0.664000	0.478100	0.395300	0.853900	0.445900	0.907100	0.770700	0.730200	0.913800	0.427500	0.470800	0.548300	0.878400	0.470300	0.399300	0.489900	0.469500	0.711400	0.471000	0.480900	0.452600	0.924800	0.434600	0.733000	0.444500	0.855900	0.446100	0.477600	0.600200	0.584200	0.488300	0.484000	0.541600	0.843900	0.453500	0.207000	0.767600	0.819500	0.750700	0.568800	0.858900	0.667700	0.472100	0.804300	0.471600	0.746700	0.717300	0.411900	0.537800	0.896900	0.454300	0.766300	0.526000	0.494400	0.765500	0.509900	0.462700	0.573600	0.517500	0.466400	0.748200	0.892800	0.465000
BP4_3_FEV	0.097100	0.899500	0.306600	0.917400	0.877900	0.411000	0.944600	0.927400	0.877600	0.870900	0.883400	0.850900	0.886500	0.949400	0.847700	0.518700	0.078700	0.856800	0.848800	0.088100	0.905500	0.862400	0.902000	0.869700	0.877700	0.000000	0.113600	0.902500	0.898000	0.244500	0.941700	0.894000	0.925900	0.774700	0.464300	0.877000	0.902000	0.247800	0.905300	0.100700	0.831500	0.924700	0.079600	0.877100	0.891400	0.940600	0.769400	0.885800	0.910900	0.931500	0.896100	0.899700	0.885600	0.924700	0.895500	0.085400	0.887700	0.931600	0.894500	0.913000	0.884000	0.919900	0.735200	0.910000	0.888000	0.927300	0.807100	0.910900	0.885200	0.895500	0.890900	0.891400	0.897700	0.913400	0.855300	0.878900	0.917400	0.895600	0.911400	0.898600	0.870600	0.916700	0.882500	0.924300	0.930200	0.871000	0.878000	0.927900	0.751600	0.890000	0.891100	0.867300	0.905500	0.815100	0.926000	0.823900	0.893300
BP4_3_JAN	0.096100	0.965300	0.373600	0.967300	0.965500	0.453200	0.971300	0.964500	0.960500	0.958500	0.961700	0.901700	0.963500	0.964500	0.925200	0.579500	0.076100	0.950600	0.944500	0.106000	0.967300	0.949600	0.950600	0.946700	0.965500	0.113600	0.000000	0.955600	0.967000	0.299300	0.967200	0.935900	0.968500	0.840400	0.507100	0.953200	0.965600	0.343500	0.965300	0.135100	0.921700	0.967300	0.064500	0.966800	0.965500	0.968500	0.813900	0.965800	0.969400	0.972100	0.965900	0.967400	0.966000	0.968800	0.966100	0.090900	0.965900	0.968800	0.966200	0.962100	0.966400	0.967700	0.817500	0.967800	0.967300	0.968900	0.876000	0.966100	0.965700	0.970600	0.929000	0.961900	0.966400	0.970500	0.944800	0.965600	0.970700	0.963700	0.970000	0.965200	0.964100	0.972600	0.954400	0.970000	0.970800	0.963700	0.965800	0.968000	0.826500	0.966800	0.969000	0.961700	0.968200	0.906900	0.968100	0.876700	0.967000
BP4_3_MAR	0.896400	0.396700	0.832700	0.373900	0.304600	0.818000	0.725700	0.745000	0.326700	0.676400	0.238300	0.522400	0.514200	0.895500	0.358800	0.806300	0.939000	0.395100	0.568400	0.853600	0.298300	0.581400	0.466000	0.106900	0.437000	0.902500	0.955600	0.000000	0.703000	0.864000	0.779300	0.231900	0.752300	0.446700	0.768900	0.305400	0.344600	0.874200	0.305500	0.833200	0.705600	0.558800	0.938300	0.300000	0.270500	0.496800	0.841300	0.336100	0.259000	0.421000	0.326100	0.555200	0.408000	0.365600	0.322500	0.948700	0.246900	0.710800	0.238300	0.808200	0.278800	0.390300	0.468100	0.442800	0.372200	0.403400	0.359200	0.832900	0.429700	0.362500	0.740200	0.667200	0.828100	0.442000	0.878500	0.681900	0.374200	0.654200	0.304400	0.633100	0.730900	0.289000	0.848900	0.928700	0.462200	0.857900	0.555000	0.423600	0.685900	0.512700	0.394700	0.580800	0.482100	0.439800	0.743500	0.901900	0.404400
BP4_4_ABR	0.962600	0.507100	0.882200	0.706700	0.563900	0.908900	0.423700	0.839800	0.482900	0.864900	0.585400	0.707300	0.681300	0.433700	0.579300	0.869200	0.926200	0.670500	0.746100	0.953800	0.610700	0.701600	0.700700	0.668600	0.335000	0.898000	0.967000	0.703000	0.000000	0.901400	0.832700	0.712800	0.419300	0.696500	0.721300	0.684100	0.582200	0.900700	0.697300	0.951000	0.848100	0.766500	0.938000	0.690700	0.684700	0.742800	0.918800	0.686200	0.634200	0.604400	0.656600	0.735600	0.673200	0.722700	0.676900	0.947500	0.667100	0.759500	0.689800	0.889500	0.683000	0.672700	0.643200	0.568500	0.670800	0.723100	0.674400	0.879700	0.614700	0.425100	0.818500	0.872500	0.794400	0.590700	0.883500	0.722400	0.586700	0.825900	0.683700	0.786400	0.787500	0.601700	0.381400	0.936000	0.618800	0.817500	0.648600	0.706700	0.817100	0.570800	0.660400	0.673600	0.708900	0.679500	0.774400	0.919800	0.665100
BP4_4_FEV	0.288000	0.897000	0.273200	0.867000	0.887500	0.353700	0.890400	0.882200	0.850800	0.843500	0.868900	0.800600	0.862300	0.908700	0.815900	0.491000	0.277000	0.838400	0.832900	0.280300	0.868400	0.837800	0.856900	0.858600	0.882600	0.244500	0.299300	0.864000	0.901400	0.000000	0.891100	0.846000	0.869900	0.727700	0.410600	0.870900	0.889700	0.297400	0.886500	0.272100	0.809400	0.874000	0.271200	0.879400	0.863600	0.940400	0.738800	0.861900	0.886600	0.917200	0.856500	0.863200	0.893900	0.912300	0.876800	0.275500	0.859100	0.924700	0.880200	0.861600	0.882100	0.903900	0.715800	0.870500	0.895600	0.911400	0.772500	0.863100	0.886700	0.863100	0.835100	0.852500	0.900800	0.906900	0.869000	0.824600	0.911500	0.856900	0.896100	0.856900	0.847200	0.867000	0.852000	0.929700	0.928500	0.903300	0.828600	0.911200	0.725100	0.891700	0.899700	0.884300	0.916500	0.850800	0.745400	0.831200	0.893700
BP4_4_JAN	0.967900	0.814400	0.790900	0.417900	0.807000	0.620000	0.736000	0.051500	0.763400	0.403600	0.792300	0.721400	0.465600	0.746200	0.620600	0.775500	0.960600	0.568200	0.542000	0.957300	0.674500	0.285000	0.454700	0.803200	0.831500	0.941700	0.967200	0.779300	0.832700	0.891100	0.000000	0.788700	0.756200	0.573500	0.764000	0.811700	0.806400	0.957400	0.805300	0.959800	0.772000	0.289600	0.951700	0.821300	0.757000	0.887200	0.422300	0.664700	0.800000	0.832700	0.757200	0.302000	0.813200	0.826300	0.797200	0.959300	0.791200	0.861500	0.806700	0.073600	0.817900	0.811200	0.782600	0.775600	0.816200	0.826600	0.598100	0.088900	0.814900	0.801200	0.297700	0.432600	0.873000	0.816300	0.921100	0.821100	0.816900	0.419600	0.808900	0.619100	0.815500	0.818900	0.818700	0.952100	0.862200	0.891100	0.801100	0.840100	0.811700	0.814600	0.811000	0.813200	0.887700	0.871600	0.886100	0.939100	0.815800
BP4_4_MAR	0.858900	0.478900	0.820900	0.381700	0.389000	0.764300	0.731500	0.752800	0.304600	0.582900	0.244000	0.457300	0.522300	0.900900	0.348400	0.792700	0.924000	0.304300	0.564000	0.859400	0.223100	0.588500	0.358700	0.280600	0.465500	0.894000	0.935900	0.231900	0.712800	0.846000	0.788700	0.000000	0.757400	0.437900	0.758600	0.225500	0.241300	0.864500	0.263700	0.870600	0.695900	0.518600	0.917300	0.385400	0.172600	0.576400	0.829300	0.427900	0.141500	0.487600	0.333700	0.549100	0.490700	0.437900	0.291500	0.929200	0.300600	0.702700	0.195500	0.815200	0.346600	0.472800	0.389300	0.325800	0.337300	0.483800	0.279700	0.840800	0.515500	0.379800	0.727000	0.573500	0.826500	0.436200	0.871800	0.681300	0.456500	0.543800	0.386600	0.521200	0.733800	0.370800	0.855300	0.927900	0.542300	0.868100	0.556500	0.487200	0.588200	0.516100	0.461400	0.591800	0.563000	0.513600	0.727100	0.809900	0.490600
BP4_5_ABR	0.940500	0.773900	0.772200	0.662500	0.794900	0.737600	0.071800	0.724600	0.573800	0.661100	0.768800	0.744900	0.655800	0.165100	0.652500	0.764500	0.957700	0.640300	0.640200	0.934800	0.578000	0.661100	0.668800	0.784000	0.528300	0.925900	0.968500	0.752300	0.419300	0.869900	0.756200	0.757400	0.000000	0.661200	0.482200	0.788600	0.688700	0.915300	0.779700	0.929900	0.738200	0.665300	0.936300	0.775400	0.730600	0.941700	0.762200	0.696500	0.735000	0.897200	0.730900	0.655200	0.855300	0.839900	0.769000	0.945700	0.755100	0.917400	0.782800	0.713800	0.782700	0.856900	0.770200	0.774200	0.793400	0.861800	0.658600	0.746700	0.871800	0.540200	0.567500	0.638600	0.860600	0.808900	0.885500	0.819000	0.837500	0.652100	0.800500	0.614300	0.862700	0.756000	0.250100	0.920000	0.853500	0.905700	0.856400	0.897600	0.770700	0.845200	0.872400	0.838100	0.922900	0.914400	0.925600	0.926500	0.843000
BP4_5_FEV	0.811000	0.530800	0.627800	0.259100	0.489700	0.504200	0.680700	0.533600	0.393700	0.544100	0.458200	0.313400	0.344300	0.739100	0.271900	0.498500	0.814300	0.252000	0.329200	0.801300	0.354100	0.351900	0.344400	0.456000	0.525900	0.774700	0.840400	0.446700	0.696500	0.727700	0.573500	0.437900	0.661200	0.000000	0.541500	0.470000	0.490300	0.740700	0.383900	0.804500	0.544100	0.430000	0.788100	0.446700	0.425700	0.639300	0.422600	0.357900	0.485900	0.580100	0.335000	0.403700	0.533100	0.526100	0.373900	0.754300	0.355000	0.740400	0.479700	0.581600	0.435100	0.543000	0.315800	0.475800	0.391300	0.555600	0.205500	0.594800	0.528100	0.481800	0.480300	0.431700	0.702100	0.522800	0.783200	0.629800	0.514100	0.499200	0.503500	0.493600	0.702800	0.508600	0.716400	0.808800	0.608500	0.744100	0.510200	0.586600	0.492300	0.425600	0.544500	0.475200	0.606800	0.490900	0.751200	0.719400	0.521400
BP4_5_JAN	0.488600	0.779800	0.312200	0.695500	0.827000	0.290200	0.515700	0.733500	0.591400	0.680000	0.795900	0.685800	0.689200	0.612100	0.641000	0.385400	0.495700	0.660900	0.641300	0.485100	0.610600	0.662600	0.677800	0.790000	0.664000	0.464300	0.507100	0.768900	0.721300	0.410600	0.764000	0.758600	0.482200	0.541500	0.000000	0.808100	0.722800	0.450900	0.801100	0.476100	0.699800	0.697400	0.467600	0.797800	0.762900	0.950800	0.617100	0.711100	0.768900	0.912700	0.755200	0.677100	0.867500	0.855900	0.794500	0.472100	0.778000	0.933200	0.818100	0.722400	0.800900	0.872100	0.635800	0.787000	0.814000	0.878900	0.599500	0.752900	0.864600	0.623900	0.544600	0.662000	0.864700	0.842800	0.868300	0.822100	0.852900	0.669400	0.830100	0.632800	0.863000	0.788900	0.579900	0.920600	0.869300	0.896400	0.849100	0.914600	0.641500	0.837300	0.888200	0.834800	0.935400	0.846600	0.945600	0.831600	0.851700
BP4_5_MAR	0.864400	0.483600	0.806600	0.420300	0.359700	0.809400	0.765800	0.768300	0.341200	0.680800	0.340600	0.500800	0.481200	0.933000	0.346100	0.829800	0.895300	0.407300	0.556500	0.866600	0.400500	0.560800	0.524900	0.289000	0.478100	0.877000	0.953200	0.305400	0.684100	0.870900	0.811700	0.225500	0.788600	0.470000	0.808100	0.000000	0.186200	0.824600	0.333200	0.880500	0.689400	0.614400	0.923100	0.357500	0.128700	0.604700	0.877100	0.449800	0.256500	0.487300	0.350500	0.580100	0.461500	0.463000	0.329900	0.932800	0.343000	0.698100	0.336600	0.835500	0.358100	0.493000	0.445600	0.466300	0.325200	0.510200	0.389900	0.856700	0.486800	0.366700	0.770800	0.676700	0.764100	0.404900	0.806600	0.605900	0.459200	0.659600	0.385100	0.635800	0.656900	0.369700	0.817500	0.921500	0.568900	0.833800	0.487400	0.492700	0.445800	0.460700	0.413100	0.514900	0.543900	0.494900	0.696000	0.779400	0.467600
BP5_1_MAR	0.907300	0.381500	0.871600	0.430300	0.362800	0.828500	0.668300	0.785900	0.201100	0.698100	0.285400	0.520600	0.549700	0.836600	0.369600	0.849100	0.941200	0.411400	0.609300	0.923000	0.284100	0.611700	0.507200	0.365200	0.395300	0.902000	0.965600	0.344600	0.582200	0.889700	0.806400	0.241300	0.688700	0.490300	0.722800	0.186200	0.000000	0.872200	0.268300	0.927800	0.754600	0.574800	0.932700	0.391200	0.140600	0.593600	0.896100	0.475500	0.153000	0.485200	0.328500	0.548400	0.463700	0.448400	0.281400	0.942900	0.329100	0.684000	0.292600	0.840300	0.344200	0.461800	0.427400	0.404900	0.292500	0.496100	0.361000	0.864600	0.488600	0.290300	0.696400	0.679600	0.770000	0.389900	0.881600	0.636500	0.442400	0.643000	0.393000	0.608900	0.719300	0.297300	0.775100	0.914500	0.467900	0.843500	0.505700	0.490600	0.520000	0.466500	0.447600	0.554500	0.570800	0.555000	0.721900	0.791300	0.465700
BP5_2_JAN	0.291100	0.910700	0.256200	0.926900	0.834000	0.404800	0.958300	0.944100	0.822000	0.833100	0.851500	0.792600	0.824400	0.958700	0.813300	0.477100	0.301600	0.828800	0.778800	0.306900	0.913400	0.834000	0.917600	0.855300	0.853900	0.247800	0.343500	0.874200	0.900700	0.297400	0.957400	0.864500	0.915300	0.740700	0.450900	0.824600	0.872200	0.000000	0.841300	0.310800	0.677000	0.935300	0.299600	0.758500	0.859500	0.952700	0.721200	0.795600	0.881500	0.908700	0.845600	0.899900	0.824100	0.900500	0.830900	0.285300	0.802900	0.904600	0.877700	0.922700	0.802100	0.912200	0.680900	0.892100	0.780000	0.921900	0.822300	0.911400	0.811800	0.881100	0.861700	0.847700	0.809700	0.882900	0.756100	0.802300	0.911300	0.867300	0.912800	0.856200	0.767900	0.886900	0.809300	0.893900	0.925900	0.846300	0.776000	0.905000	0.666900	0.819100	0.817300	0.745400	0.862100	0.770900	0.901100	0.794100	0.790100
BP5_2_MAR	0.905600	0.438300	0.861100	0.415000	0.340400	0.847100	0.771300	0.785400	0.268700	0.688800	0.239100	0.346200	0.555400	0.939000	0.370800	0.651600	0.944300	0.395500	0.551800	0.923800	0.316300	0.606300	0.494400	0.328900	0.445900	0.905300	0.965300	0.305500	0.697300	0.886500	0.805300	0.263700	0.779700	0.383900	0.801100	0.333200	0.268300	0.841300	0.000000	0.929800	0.563400	0.557700	0.909600	0.322600	0.264000	0.555400	0.680000	0.442400	0.229600	0.454600	0.120600	0.530000	0.440600	0.410900	0.050400	0.881700	0.177100	0.682900	0.246600	0.828800	0.250800	0.433400	0.298000	0.368300	0.193300	0.460500	0.357300	0.845700	0.433800	0.362600	0.727800	0.570400	0.596700	0.404400	0.818700	0.622500	0.416900	0.614100	0.355300	0.593000	0.673700	0.330000	0.825200	0.702600	0.509800	0.638500	0.485900	0.458900	0.537900	0.350000	0.422600	0.384200	0.533400	0.469000	0.718300	0.673800	0.431200
BP5_3_ABR	0.101800	0.936200	0.354700	0.936200	0.930300	0.426900	0.954800	0.953900	0.918300	0.933200	0.925400	0.867400	0.931200	0.957900	0.900600	0.541800	0.125100	0.915500	0.909000	0.048800	0.932000	0.916400	0.929300	0.824100	0.907100	0.100700	0.135100	0.833200	0.951000	0.272100	0.959800	0.870600	0.929900	0.804500	0.476100	0.880500	0.927800	0.310800	0.929800	0.000000	0.876900	0.948000	0.123700	0.932100	0.934700	0.958000	0.778100	0.937800	0.935900	0.942200	0.930600	0.942500	0.930000	0.938100	0.930400	0.128600	0.930100	0.938300	0.929400	0.939400	0.931700	0.937400	0.789100	0.949200	0.932600	0.936300	0.845800	0.943800	0.938200	0.934000	0.909000	0.925200	0.926000	0.938000	0.909800	0.926200	0.940100	0.938900	0.939800	0.934600	0.895800	0.938600	0.920000	0.933100	0.936200	0.930500	0.940200	0.935000	0.790200	0.932600	0.938300	0.926000	0.935100	0.864200	0.937900	0.858900	0.934600
BP5_3_JAN	0.863200	0.791400	0.610500	0.716100	0.712600	0.731500	0.780300	0.736100	0.643900	0.655200	0.723100	0.469100	0.597900	0.853400	0.602600	0.505000	0.883000	0.622300	0.556500	0.870700	0.715700	0.626200	0.712100	0.724500	0.770700	0.831500	0.921700	0.705600	0.848100	0.809400	0.772000	0.695900	0.738200	0.544100	0.699800	0.689400	0.754600	0.677000	0.563400	0.876900	0.000000	0.724600	0.868400	0.582100	0.676300	0.902800	0.570700	0.584400	0.753200	0.830200	0.517000	0.691700	0.664600	0.783600	0.531800	0.837300	0.574100	0.854400	0.752600	0.748500	0.615100	0.806200	0.541400	0.734000	0.543700	0.818500	0.660100	0.761800	0.717300	0.739600	0.666600	0.600800	0.543600	0.766600	0.642000	0.631800	0.795200	0.659700	0.783300	0.642600	0.610800	0.770500	0.637000	0.718300	0.874100	0.658300	0.630600	0.836000	0.533500	0.548400	0.669200	0.460700	0.764100	0.732900	0.856900	0.670200	0.658800
BP5_4_ABR	0.961900	0.712100	0.772300	0.244000	0.629500	0.596500	0.612800	0.253900	0.523300	0.202800	0.529600	0.627300	0.297800	0.740400	0.427700	0.755900	0.955000	0.291500	0.389200	0.953100	0.401900	0.142300	0.190200	0.615200	0.730200	0.924700	0.967300	0.558800	0.766500	0.874000	0.289600	0.518600	0.665300	0.430000	0.697400	0.614400	0.574800	0.935300	0.557700	0.948000	0.724600	0.000000	0.933900	0.643700	0.514300	0.795100	0.405900	0.543500	0.543100	0.769400	0.556200	0.074200	0.725700	0.713800	0.563500	0.945100	0.539400	0.790700	0.538000	0.309300	0.573500	0.726600	0.522800	0.512800	0.580100	0.737900	0.343200	0.331800	0.735500	0.639200	0.250700	0.226900	0.839100	0.609500	0.901600	0.703000	0.709600	0.227400	0.626000	0.412200	0.787600	0.634000	0.803700	0.929700	0.798400	0.868300	0.718500	0.774500	0.743600	0.707500	0.743600	0.713200	0.793100	0.780600	0.800600	0.917800	0.716400
BP5_4_FEV	0.096500	0.943700	0.329000	0.944900	0.936400	0.422500	0.953400	0.938500	0.905700	0.920400	0.913400	0.853200	0.932700	0.948000	0.884300	0.524300	0.062400	0.907800	0.885400	0.098800	0.944000	0.909800	0.930000	0.918700	0.913800	0.079600	0.064500	0.938300	0.938000	0.271200	0.951700	0.917300	0.936300	0.788100	0.467600	0.923100	0.932700	0.299600	0.909600	0.123700	0.868400	0.933900	0.000000	0.912500	0.934000	0.940000	0.770800	0.941500	0.939500	0.959100	0.906200	0.914000	0.938800	0.955500	0.907600	0.044700	0.909400	0.957200	0.928600	0.926500	0.909900	0.945800	0.758700	0.913700	0.916100	0.949800	0.843200	0.916800	0.906700	0.940000	0.879100	0.904200	0.910500	0.945300	0.887300	0.907800	0.949900	0.902300	0.945600	0.904500	0.906400	0.947600	0.898400	0.929800	0.956500	0.901800	0.908400	0.952900	0.766100	0.918600	0.941800	0.903800	0.938900	0.849600	0.954000	0.820800	0.930400
BP5_4_JAN	0.926100	0.275800	0.728500	0.423200	0.205600	0.859800	0.808900	0.782300	0.345800	0.721900	0.253800	0.536600	0.509200	0.938300	0.359800	0.809000	0.928100	0.430500	0.560800	0.925500	0.399700	0.553400	0.577600	0.242900	0.427500	0.877100	0.966800	0.300000	0.690700	0.879400	0.821300	0.385400	0.775400	0.446700	0.797800	0.357500	0.391200	0.758500	0.322600	0.932100	0.582100	0.643700	0.912500	0.000000	0.353800	0.393400	0.856300	0.288000	0.322100	0.327400	0.349300	0.608200	0.156800	0.268100	0.326500	0.908900	0.205700	0.712900	0.214200	0.831500	0.122000	0.288300	0.466500	0.468200	0.250500	0.307000	0.446400	0.842700	0.208100	0.344900	0.756400	0.699700	0.657700	0.459000	0.704300	0.494000	0.266300	0.684700	0.221300	0.654800	0.569200	0.273300	0.753800	0.880200	0.365100	0.805800	0.350600	0.334300	0.638700	0.336100	0.158900	0.466500	0.250900	0.294400	0.735200	0.866100	0.153300
BP5_4_MAR	0.904300	0.457900	0.786600	0.344700	0.356000	0.765500	0.704200	0.713900	0.281200	0.612700	0.272200	0.457200	0.458900	0.876000	0.318400	0.784600	0.925200	0.335100	0.527700	0.922300	0.273600	0.538700	0.438100	0.314500	0.470800	0.891400	0.965500	0.270500	0.684700	0.863600	0.757000	0.172600	0.730600	0.425700	0.762900	0.128700	0.140600	0.859500	0.264000	0.934700	0.676300	0.514300	0.934000	0.353800	0.000000	0.577500	0.833100	0.371800	0.186300	0.486500	0.299800	0.493300	0.456800	0.436700	0.269500	0.945300	0.280100	0.698100	0.269100	0.782800	0.313000	0.467000	0.417700	0.403900	0.302000	0.482800	0.301800	0.800300	0.485200	0.345300	0.725300	0.602900	0.796400	0.404900	0.849500	0.638900	0.435600	0.581600	0.365800	0.567300	0.723100	0.346900	0.805600	0.921000	0.541500	0.839000	0.513300	0.490800	0.482500	0.489900	0.427800	0.551900	0.539200	0.528900	0.721700	0.792200	0.463700
